0.0 0.0 0.0 0.0 0.0 9.17 -3.46 1.5 9.94 -0.75 0.06 0.0 -0.0 -0.01 -0.01 -0.01 -0.01
0.027215872258281593 0.0 -0.08221706064574548 -0.017860450481876455 0.13025919530447538 9.16 -3.52 1.51 10.0 -0.64 0.09 -0.03 0.0 -0.01 -0.03 0.0 0.0
0.04067230044095993 0.0 -0.2152948020171282 -0.01902539104676748 0.19073153823617162 9.11 -3.53 1.53 9.85 -0.7 0.13 -0.04 0.0 -0.0 -0.07 0.0 -0.0
0.046869138856934 0.0 -0.3120453301686758 -0.0131635345634038 0.19820760539733584 9.15 -3.58 1.49 9.88 -0.76 0.13 -0.02 0.0 -0.0 -0.04 0.01 0.01
0.0565959178030937 0.0 -0.28875491474854287 -0.01725353330256496 0.21011416640396874 9.12 -3.5 1.55 9.89 -0.72 0.07 -0.02 0.01 0.0 -0.04 -0.0 0.01
0.0503104910603156 0.0 -0.05838590010266737 -0.009489097877008135 0.07215974032455108 9.09 -3.49 1.45 9.91 -0.8 -0.04 -0.03 0.01 0.0 -0.04 -0.0 0.01
0.061879444865766686 0.0 0.011280974342225188 -0.012404775442860227 0.05831031123703667 9.23 -3.6 1.44 10.0 -0.75 -0.0 -0.01 0.01 -0.0 -0.03 0.01 0.01
0.059682432076897385 0.0 0.10922198182142574 -0.011537791675991116 0.01209585105831934 9.16 -3.5 1.44 9.93 -0.76 -0.01 -0.0 0.01 -0.01 -0.04 0.0 0.01
0.05592865886634968 0.0 0.020536435868910838 -0.012810874859027876 0.05460030583384423 9.16 -3.49 1.36 9.93 -0.74 0.08 -0.03 0.01 -0.01 -0.03 -0.01 0.01
0.06455923018519627 0.0 -0.0977017596601036 -0.011191624983055704 0.09373847021215198 9.15 -3.55 1.45 9.89 -0.75 0.12 -0.01 0.0 -0.01 -0.02 0.0 0.01
0.07384759537583818 0.0 -0.057750262490170776 -0.021477907981463318 0.1317011227750342 9.15 -3.49 1.44 9.91 -0.68 0.05 -0.01 -0.0 -0.0 -0.01 0.0 -0.0
0.06496821656426732 0.0 0.09165918848087337 -0.011297561047257432 0.012747220884008925 9.15 -3.51 1.41 9.85 -0.8 -0.01 -0.01 -0.0 0.0 -0.03 -0.01 -0.0
0.05871671654743693 0.0 0.16089142438723214 -0.004204272174234802 -0.0560176469893392 9.15 -3.51 1.4 9.92 -0.81 0.01 -0.01 -0.01 -0.01 -0.02 -0.01 0.01
0.058633772148183994 0.0 0.2561454533325806 0.009148256861294612 -0.16946455649036096 9.15 -3.6 1.42 9.89 -0.86 0.0 -0.02 -0.0 -0.02 -0.01 -0.02 0.02
0.06347224130692553 0.0 0.21218831151601755 0.021316565664449172 -0.2178728046228784 9.15 -3.67 1.39 9.99 -0.87 0.07 -0.02 -0.0 -0.02 0.0 -0.02 0.03
0.09756409272794997 0.0 0.01648428545520005 -0.00020124666554011128 -0.021099152021399448 9.23 -3.67 1.44 10.07 -0.64 0.15 -0.05 -0.01 0.0 -0.04 0.03 0.05
0.116057823515618 0.0 -0.02236390137018844 -0.007954448709512008 0.03523858379568168 9.12 -3.62 1.41 10.07 -0.68 0.1 -0.19 -0.04 0.07 -0.11 0.04 0.07
0.19746119093152004 0.0 -0.2159525831393376 0.010643324501344864 0.014517384856638671 9.21 -4.42 1.34 10.15 -0.86 0.19 -0.31 -0.06 0.16 -0.11 0.06 0.09
0.34623519176970774 0.0 -0.47153571521509463 -0.029450631973801933 0.337137523374615 9.19 -4.62 1.47 10.18 -0.49 0.21 -0.36 -0.08 0.34 -0.09 0.07 0.11
0.568693796998943 0.0 -0.9441191324756791 -0.14538821293851356 1.1767373166237718 9.13 -4.82 1.17 10.16 0.15 0.28 -0.5 -0.09 0.62 -0.15 0.09 0.11
0.7176229844947244 0.0 -1.3741299367622783 -0.2015614894863944 1.6738047743234787 9.19 -4.83 1.06 10.12 -0.08 0.31 -0.66 -0.16 0.97 -0.29 0.1 0.1
0.9857864307668223 0.0 -1.8881577958017084 -0.22022807254219856 1.9928132388391049 9.03 -6.17 0.77 10.16 -0.36 0.39 -0.69 -0.25 1.23 -0.38 0.12 0.08
1.2647883160405513 0.0 -2.7141709440275306 -0.23994120608679737 2.4515200863456457 9.03 -6.62 0.68 10.2 -0.41 0.57 -0.44 -0.4 1.6 -0.36 0.16 0.04
1.4958438651386814 0.0 -3.132549457706965 -0.250028159668517 2.680430858107542 9.13 -6.6 0.49 10.03 -0.52 0.42 -0.58 -0.54 2.01 -0.36 0.16 0.02
1.7768318346853675 0.0 -3.093767367808614 -0.20478221912993888 2.3932390799145367 8.79 -7.47 0.07 9.77 -0.97 0.21 -0.76 -0.58 2.3 -0.42 0.16 0.01
2.1723938642233662 0.0 -3.2189931923118054 -0.14200052624227055 2.082659541221126 8.36 -8.67 -0.19 9.65 -1.21 0.25 -0.4 -0.72 2.52 -0.41 0.16 0.05
2.489564697152133 0.0 -3.4610734250611 -0.08886221784362647 1.8834192422055054 8.02 -8.13 -0.16 9.54 -1.22 0.3 -0.08 -0.81 2.71 -0.44 0.16 0.1
2.740172561697449 0.0 -3.667399262314457 0.002882949951668934 1.4694721877335581 7.61 -7.83 -0.66 9.82 -1.55 0.34 -0.26 -0.87 2.8 -0.4 0.13 0.15
3.203829766068395 0.0 -3.8238211998532443 0.07637269908718736 1.1418899676842997 7.37 -9.24 -0.67 9.84 -1.51 0.31 -0.29 -0.98 2.89 -0.43 0.2 0.16
3.624266500916079 0.0 -2.5337381913230663 0.1655653183098309 0.08284790260417196 6.69 -9.01 -0.65 9.22 -1.7 -0.51 -0.06 -0.99 2.91 -0.36 0.08 0.24
3.982232176041016 0.0 -3.0272070222653307 0.26089170168609144 -0.1784785138675815 5.77 -8.22 -0.91 9.83 -1.72 0.3 -0.11 -0.99 2.85 -0.51 0.33 0.35
4.4350936938354835 0.0 -3.5274650448362905 0.37045436878267424 -0.4839842152075633 4.98 -8.61 -0.89 9.61 -1.81 0.49 -0.23 -0.99 2.75 -0.47 0.32 0.31
4.895582728069996 0.0 -3.223128168088477 0.5259744758924256 -1.3548775921529028 4.47 -8.95 -0.91 9.41 -2.23 0.14 -0.07 -0.9 2.65 -0.3 0.1 0.26
5.329378432119597 0.0 -3.7107547514360237 0.6439516731810784 -1.6513139714279532 3.67 -8.15 -1.02 9.6 -2.02 0.53 -0.23 -0.86 2.51 -0.24 0.03 0.26
5.886141435977791 0.0 -3.6131403500814825 0.7726627339372811 -2.2560188372806707 3.18 -8.86 -0.73 9.71 -2.13 0.26 -0.36 -0.82 2.36 -0.09 -0.09 0.31
6.56916920657212 0.0 -3.8431202256479255 0.821461222844249 -2.361254078589994 2.51 -9.13 -0.89 9.68 -1.52 0.34 -0.14 -0.72 2.21 -0.02 -0.12 0.35
7.161691279986677 0.0 -3.8494220139236135 0.8946372826547275 -2.6703128049617604 1.92 -8.38 -0.9 9.72 -1.57 0.23 -0.08 -0.64 2.03 -0.19 -0.18 0.38
7.766940511450883 0.0 -3.8912594978945023 1.0016764887337786 -3.0829069921055776 1.81 -8.62 -0.93 10.0 -1.82 0.27 -0.21 -0.58 1.87 -0.13 -0.16 0.41
8.430230144262879 0.0 -4.032890356403849 1.1029582907969768 -3.4092101277485156 1.18 -8.72 -1.0 10.0 -1.82 0.34 -0.18 -0.47 1.69 -0.06 -0.16 0.37
9.038981259846864 0.0 -4.262284899277895 1.2026859999577084 -3.6717159225551157 0.55 -7.92 -1.12 9.57 -1.77 0.42 -0.4 -0.38 1.54 -0.13 -0.2 0.34
9.89753966753291 0.0 -4.057277916340273 1.2525123201246515 -3.978058965940413 0.22 -9.39 -1.28 9.64 -1.45 0.08 -0.48 -0.3 1.43 -0.19 -0.27 0.31
10.628568813228874 0.0 -3.612532583135848 1.3571321344876566 -4.5955916441428215 0.0 -8.91 -1.12 9.81 -1.82 -0.12 -0.01 -0.14 1.27 -0.29 -0.3 0.22
11.230422934795449 0.0 -3.4272514221345447 1.5074187739053428 -5.215211903245908 -0.54 -7.75 -1.37 9.69 -2.2 0.04 -0.04 -0.03 1.05 -0.27 -0.3 0.16
11.851362280020311 0.0 -3.480529432658082 1.671949738323434 -5.730033044826875 -0.97 -7.46 -1.27 9.45 -2.38 0.26 -0.37 0.02 0.8 -0.23 -0.31 0.12
12.581896548862936 0.0 -3.2617778492533196 1.846325992151236 -6.397625519692291 -1.14 -8.33 -1.1 9.56 -2.58 0.12 -0.43 0.07 0.59 -0.08 -0.35 0.08
13.388866311365874 0.0 -3.0918869575531964 1.9781135775658925 -6.894364350834813 -1.33 -8.72 -1.31 9.73 -2.34 0.09 -0.17 0.14 0.38 0.05 -0.3 0.02
14.170781444088284 0.0 -3.0046680059022197 2.0871602652503043 -7.269727156892067 -1.59 -8.2 -1.54 9.75 -2.11 0.12 -0.06 0.15 0.18 -0.04 -0.25 -0.01
14.952702732486358 0.0 -2.5788298006683386 2.2473581748898397 -7.962342182372602 -1.78 -8.44 -1.67 9.86 -2.48 -0.12 -0.31 0.12 -0.01 -0.05 -0.2 0.01
15.861627227134754 0.0 -2.1646532040903868 2.3963311157464204 -8.603900609722011 -1.61 -9.75 -1.66 9.84 -2.47 -0.2 -0.19 0.13 -0.11 0.0 -0.15 -0.03
16.775421902358254 0.0 -1.8894548950672725 2.5041682655069906 -9.052166921919586 -1.68 -9.6 -1.81 9.77 -2.15 -0.16 0.12 0.16 -0.14 -0.01 -0.11 -0.09
17.623781736171914 0.0 -1.6750557150526013 2.6337968061953774 -9.510343938045757 -1.78 -9.06 -2.1 9.8 -2.24 -0.09 -0.07 0.11 -0.16 -0.03 -0.08 -0.09
18.554170248802507 0.0 -1.3685594503288556 2.7713935132257177 -10.03101418897348 -1.92 -9.69 -2.06 9.73 -2.31 -0.16 -0.17 0.04 -0.17 0.01 -0.06 -0.07
19.483201356515508 0.0 -1.1112014181290686 2.90618715698983 -10.506549448979975 -1.84 -9.84 -2.17 9.66 -2.3 -0.14 -0.13 -0.03 -0.13 0.01 -0.03 -0.08
20.405146597977335 0.0 -0.7783115968577646 3.025768028144725 -10.985543193101016 -1.95 -9.49 -2.08 9.84 -2.22 -0.23 -0.2 -0.09 -0.1 -0.05 0.0 -0.05
21.329435185664735 0.0 -0.31751556358213245 3.1684088930268928 -11.582993554921835 -1.89 -9.73 -1.8 9.71 -2.37 -0.38 -0.23 -0.11 -0.09 -0.09 0.0 -0.02
22.2494844980722 0.0 0.14874358079079333 3.3238586731171864 -12.200845618705578 -1.77 -9.95 -1.79 9.79 -2.52 -0.44 0.0 -0.07 -0.08 -0.01 0.0 -0.01
23.16888304635721 0.0 0.3845322502265505 3.4288533632575025 -12.5705823181356 -1.79 -9.33 -1.93 9.81 -2.16 -0.27 0.18 -0.06 -0.09 0.0 0.02 0.01
24.042719059497408 0.0 0.6908877461057316 3.5595718106140595 -13.027970853529688 -1.72 -8.98 -2.11 9.85 -2.29 -0.3 -0.01 -0.07 -0.12 -0.03 0.03 0.01
24.97507564758466 0.0 1.0038230577510465 3.687511754703607 -13.477913030947967 -1.53 -9.7 -2.04 9.67 -2.26 -0.32 -0.11 -0.1 -0.14 -0.0 0.04 0.01
25.912126686854307 0.0 1.408880359927861 3.8104860985183677 -13.971082842088514 -1.57 -9.73 -1.89 9.59 -2.22 -0.44 0.07 -0.08 -0.12 0.01 0.03 -0.02
26.836109775795727 0.0 1.8550409447682592 3.935083078438282 -14.488290951975465 -1.79 -9.31 -2.16 9.87 -2.27 -0.53 0.14 -0.07 -0.11 0.01 0.05 -0.02
27.708838848119647 0.0 2.0998975593899005 4.091750782795657 -14.925545592039065 -1.93 -8.8 -2.53 9.62 -2.48 -0.34 -0.03 -0.1 -0.16 0.01 0.05 0.0
28.64322478039562 0.0 2.497835587178459 4.233716139866019 -15.429871110417672 -1.86 -9.43 -2.33 9.56 -2.43 -0.49 -0.24 -0.18 -0.18 0.08 -0.02 0.01
29.60379906677244 0.0 2.8819051070987944 4.370009674129022 -15.910305355259304 -1.73 -10.04 -2.05 9.42 -2.37 -0.52 -0.03 -0.18 -0.14 0.16 -0.05 0.01
30.557850469635014 0.0 3.206304201571448 4.482923763072748 -16.310959314516857 -1.96 -9.37 -2.46 9.44 -2.18 -0.48 0.18 -0.2 -0.08 0.13 -0.04 0.03
31.436851404682727 0.0 3.335896650206923 4.63732344771941 -16.639588746091867 -2.02 -8.68 -2.94 9.73 -2.5 -0.24 -0.05 -0.32 -0.11 0.11 -0.04 0.06
32.317602404760606 0.0 3.345357953425414 4.802750819429733 -16.89554320567394 -1.92 -8.82 -3.33 9.79 -2.66 -0.03 -0.36 -0.57 -0.21 0.17 -0.01 0.07
33.21179581617699 0.0 3.5507004683057493 4.966906213801565 -17.27381008320034 -1.5 -9.77 -2.83 9.59 -2.68 -0.21 -0.29 -0.75 -0.27 0.33 -0.04 0.03
34.10651244259422 0.0 3.7154244830650627 5.0927317993113945 -17.565840150486714 -1.56 -9.08 -3.11 9.85 -2.45 -0.2 -0.08 -0.85 -0.29 0.45 -0.03 -0.08
35.01379342505665 0.0 3.656434948243026 5.198103318559404 -17.671767744670582 -1.64 -8.59 -3.66 10.11 -2.27 0.08 -0.29 -1.09 -0.39 0.42 0.07 -0.11
35.866974719916534 0.0 3.71475256006945 5.341785849022344 -17.903974948905706 -1.32 -8.91 -3.38 9.82 -2.46 0.0 -0.68 -1.37 -0.48 0.38 0.12 -0.11
36.67921996979972 0.0 3.7540211371068875 5.5336198040071025 -18.175149641906607 -1.22 -9.23 -3.04 9.67 -2.87 0.02 -0.75 -1.57 -0.56 0.52 0.14 -0.11
37.505475237462704 0.0 3.7348736240333666 5.702139391559484 -18.367151094741608 -1.03 -9.6 -2.62 9.52 -2.79 0.1 -0.58 -1.69 -0.65 0.74 0.13 -0.12
38.34926548638069 0.0 3.730321476837388 5.8459291014365675 -18.53322946890942 -1.03 -9.49 -2.73 9.66 -2.64 0.1 -0.3 -1.75 -0.67 0.88 0.11 -0.12
39.19222592776633 0.0 3.7130954300769092 5.955532830905909 -18.6455600615053 -0.88 -9.19 -2.78 9.65 -2.33 0.12 -0.28 -1.84 -0.7 0.95 0.1 -0.09
40.02780181608871 0.0 3.783690558675483 6.064353005629428 -18.817243528417855 -0.72 -9.41 -2.44 9.48 -2.21 0.0 -0.38 -1.86 -0.69 0.93 0.07 -0.07
40.86527972134555 0.0 3.7840362366147042 6.206429030232982 -18.968210541219854 -0.93 -9.6 -2.6 9.76 -2.49 0.07 -0.4 -1.87 -0.66 0.97 0.06 -0.03
41.70613783325648 0.0 3.620957232481899 6.3408283921808675 -18.982554834102025 -1.01 -9.54 -2.85 9.79 -2.49 0.32 -0.29 -1.95 -0.7 1.08 0.08 0.01
42.50522783692846 0.0 3.660581184450708 6.444598278333544 -19.112815338953162 -0.58 -9.39 -2.52 9.5 -2.21 0.09 -0.27 -1.93 -0.69 1.1 -0.02 -0.01
43.326211946155254 0.0 3.6421799014764185 6.532541225531688 -19.178816072726953 -0.56 -9.39 -2.49 9.69 -2.07 0.13 -0.34 -1.87 -0.65 1.13 -0.05 -0.01
44.146653675983714 0.0 3.4973479776218714 6.6111883364597475 -19.134922056820493 -0.52 -9.31 -2.54 9.73 -1.95 0.32 -0.34 -1.85 -0.66 1.13 -0.02 0.02
44.93767958369315 0.0 3.426487087590721 6.687289619460259 -19.14216245571452 -0.28 -9.45 -2.22 9.67 -1.88 0.26 -0.3 -1.81 -0.68 1.06 -0.03 0.03
45.74165522747886 0.0 3.4173787272352687 6.742945158250336 -19.174345450724907 -0.16 -9.81 -1.68 9.52 -1.67 0.16 -0.24 -1.63 -0.62 1.01 -0.05 0.01
46.551100626909054 0.0 3.2681835714267367 6.810851726970228 -19.1066922061678 -0.39 -9.45 -2.15 9.87 -1.79 0.35 -0.23 -1.46 -0.55 0.93 -0.05 0.02
47.32993029048956 0.0 2.859334937879127 6.894052223759672 -18.847028298715976 -0.32 -9.59 -2.36 9.8 -1.9 0.8 -0.25 -1.43 -0.56 0.87 0.03 0.06
48.087744447010785 0.0 2.5255803542852115 6.973726138731706 -18.63983678870752 -0.17 -9.75 -2.2 9.84 -1.92 0.82 -0.24 -1.4 -0.55 0.8 0.03 0.07
48.84951646185173 0.0 2.2832990159689044 7.059397675454406 -18.50792870263728 -0.24 -10.01 -2.05 9.84 -1.99 0.72 -0.16 -1.32 -0.52 0.79 0.04 0.06
49.62129337985097 0.0 1.9953038983663536 7.115626643724866 -18.30885452202299 -0.22 -9.81 -2.02 9.85 -1.78 0.77 -0.12 -1.2 -0.46 0.79 0.04 0.04
50.38082222032071 0.0 1.6614021198440891 7.181202771532867 -18.079326092083384 -0.28 -9.62 -2.17 9.96 -1.83 0.86 -0.14 -1.1 -0.42 0.72 0.06 0.06
51.124359311478884 0.0 1.2573312594585568 7.263330016796132 -17.80588433218046 -0.35 -9.56 -2.52 9.92 -1.95 1.01 -0.15 -1.05 -0.42 0.67 0.1 0.07
51.84678614673608 0.0 0.78161765705396 7.36701763441809 -17.49078964721607 -0.44 -9.57 -2.59 9.86 -2.14 1.19 -0.09 -1.09 -0.45 0.63 0.13 0.11
52.534462963895336 0.0 0.4497490862042018 7.464944766020295 -17.2847509763614 -0.23 -9.68 -2.26 9.56 -2.11 1.02 -0.04 -1.08 -0.46 0.68 0.14 0.08
53.270004858888626 0.0 0.1905618529507132 7.513912558182824 -17.091316521777465 -0.24 -9.82 -1.99 9.6 -1.76 0.85 -0.01 -0.96 -0.37 0.7 0.1 0.03
54.06024655407112 0.0 -0.14837249162540259 7.52744699996623 -16.79782823476149 -0.45 -9.83 -2.02 9.69 -1.4 0.91 0.0 -0.81 -0.28 0.59 0.09 0.03
54.79858855683516 0.0 -0.5493409846199477 7.591982891547261 -16.498157133141838 -0.59 -9.56 -2.13 9.56 -1.66 1.05 -0.02 -0.72 -0.22 0.42 0.11 0.07
55.49743868878993 0.0 -0.9829216255355815 7.682101294636823 -16.1923779978352 -0.61 -9.39 -2.19 9.6 -1.92 1.17 -0.02 -0.67 -0.2 0.35 0.11 0.1
56.17474435481824 0.0 -1.4187496708900063 7.7672583993902435 -15.877558433939477 -0.48 -9.63 -2.07 9.56 -1.95 1.22 0.05 -0.59 -0.15 0.35 0.09 0.07
56.86632221778606 0.0 -1.8398112836182956 7.832260844296812 -15.554818225602453 -0.49 -9.45 -2.04 9.56 -1.82 1.21 0.06 -0.51 -0.13 0.32 0.06 0.07
57.535882816871535 0.0 -2.289646893255955 7.9287986047901455 -15.23368957606781 -0.63 -9.28 -2.22 9.55 -2.04 1.3 0.01 -0.46 -0.11 0.27 0.06 0.09
58.18968509038845 0.0 -2.778452215242587 8.020603699548687 -14.871901427455448 -0.58 -9.35 -2.2 9.62 -2.06 1.4 -0.01 -0.44 -0.14 0.26 0.06 0.09
58.84188212499596 0.0 -3.287772190316607 8.110632299972096 -14.487874057744001 -0.62 -9.49 -2.33 9.7 -2.07 1.48 0.06 -0.42 -0.15 0.26 0.06 0.08
59.482128422822825 0.0 -3.777173183458872 8.193274685331332 -14.111897463580796 -0.56 -9.38 -2.29 9.45 -1.96 1.47 0.03 -0.4 -0.15 0.28 0.04 0.06
60.10245834131476 0.0 -4.212146330513771 8.28644678514901 -13.790463590035095 -0.55 -9.4 -2.22 9.52 -2.06 1.41 -0.02 -0.37 -0.13 0.25 0.02 0.06
60.733797004008 0.0 -4.694457979911376 8.367036989612245 -13.413376292513654 -0.61 -9.51 -2.28 9.73 -2.01 1.48 0.03 -0.36 -0.14 0.26 0.04 0.06
61.345038743209216 0.0 -5.180145104300703 8.45239872508867 -13.034932181380675 -0.58 -9.37 -2.24 9.53 -1.98 1.51 0.01 -0.35 -0.14 0.22 0.03 0.05
61.94255223343531 0.0 -5.72614703908738 8.543838857797937 -12.604755852196625 -0.6 -9.5 -2.22 9.51 -2.0 1.65 -0.05 -0.32 -0.11 0.21 0.01 0.04
62.52771010706387 0.0 -6.228196791478484 8.63427385859346 -12.210488270778121 -0.59 -9.66 -2.25 9.6 -2.03 1.63 -0.0 -0.3 -0.1 0.19 0.02 0.03
63.104668985837435 0.0 -6.676566545048325 8.706814693726784 -11.847080224572842 -0.47 -9.78 -2.01 9.56 -1.9 1.52 0.05 -0.25 -0.08 0.19 0.0 0.04
63.676639115719624 0.0 -7.20522430876843 8.786876996664006 -11.414233813826094 -0.51 -9.52 -1.92 9.58 -1.9 1.66 0.07 -0.19 -0.07 0.13 0.0 0.05
64.22738399724366 0.0 -7.727983379235225 8.870156665567933 -10.987059664314621 -0.47 -9.55 -2.05 9.6 -1.92 1.7 0.03 -0.16 -0.05 0.07 0.01 0.05
64.7533354440818 0.0 -8.204466242103377 8.976458354218579 -10.619885398375096 -0.52 -9.57 -1.95 9.55 -2.11 1.69 0.03 -0.13 -0.04 0.04 0.01 0.06
65.28290163741907 0.0 -8.65863693029409 9.061140573444845 -10.252332819284 -0.48 -9.62 -1.94 9.64 -2.02 1.63 0.06 -0.09 -0.03 0.04 0.01 0.05
65.81257996004875 0.0 -9.14159394649588 9.152725670259557 -9.86099516438761 -0.61 -9.64 -2.07 9.59 -2.03 1.69 0.06 -0.06 -0.03 0.01 0.01 0.05
66.31110547580853 0.0 -9.606541550270205 9.25635491091954 -9.494175510199888 -0.56 -9.53 -2.04 9.58 -2.13 1.71 0.04 -0.06 -0.02 -0.01 0.02 0.06
66.79262009824227 0.0 -10.063330293991473 9.369429439876157 -9.139949624759886 -0.58 -9.48 -2.15 9.57 -2.23 1.74 0.05 -0.07 -0.02 0.0 0.02 0.05
67.26108020978556 0.0 -10.528327098375225 9.484846698982196 -8.776292430106729 -0.58 -9.53 -2.03 9.6 -2.28 1.79 0.04 -0.07 -0.04 0.01 0.01 0.05
67.70478473502709 0.0 -10.998756985784178 9.610115928271526 -8.411715300748277 -0.55 -9.5 -2.1 9.65 -2.38 1.86 0.03 -0.09 -0.05 0.06 0.04 0.06
68.15021479846386 0.0 -11.44975742979628 9.721428797017595 -8.05107902492798 -0.51 -9.47 -1.95 9.38 -2.24 1.81 0.05 -0.1 -0.07 0.06 0.04 0.04
68.60043233310401 0.0 -11.882900705269302 9.818514853966846 -7.693463860371061 -0.51 -9.47 -1.96 9.58 -2.17 1.77 0.0 -0.1 -0.08 0.06 0.04 0.04
69.03555385161704 0.0 -12.294238548282715 9.913700807717248 -7.353393107466125 -0.47 -9.52 -1.98 9.53 -2.12 1.72 -0.02 -0.09 -0.08 0.05 0.04 0.04
69.4645013560767 0.0 -12.68833317536935 10.019711932705064 -7.0366820317257535 -0.59 -9.62 -2.02 9.59 -2.21 1.72 -0.01 -0.08 -0.09 0.03 0.04 0.03
69.87574906423028 0.0 -13.120678121232668 10.122103250825376 -6.675436836442351 -0.53 -9.61 -2.02 9.43 -2.13 1.78 0.0 -0.06 -0.07 0.03 0.03 0.02
70.28580016138146 0.0 -13.524715514495144 10.214707081692112 -6.3325846528807475 -0.53 -9.67 -2.04 9.62 -2.11 1.75 -0.03 -0.06 -0.05 0.02 0.02 0.02
70.68746136224487 0.0 -13.95169022068146 10.314379283479298 -5.969125296797493 -0.62 -9.82 -2.02 9.39 -2.07 1.8 -0.01 -0.03 -0.03 -0.0 0.01 0.0
71.05913566457481 0.0 -14.306889680119275 10.428915293578797 -5.688814433723373 -0.54 -9.61 -1.92 9.41 -2.24 1.74 0.01 -0.01 -0.0 -0.04 0.01 0.0
71.43963142064017 0.0 -14.699635403078757 10.53113483560088 -5.357001970358247 -0.56 -9.43 -2.02 9.62 -2.21 1.8 0.01 -0.0 -0.0 -0.04 0.02 0.0
71.80851916027176 0.0 -15.076901575107719 10.652826947218301 -5.053610021713347 -0.7 -9.41 -2.02 9.59 -2.35 1.85 -0.05 -0.01 -0.04 -0.09 0.0 0.01
72.10302972896119 0.0 -15.45639818727336 10.786799613051215 -4.753725398709001 -0.45 -9.82 -1.98 9.53 -2.46 1.92 -0.06 -0.02 -0.04 0.01 0.01 -0.01
72.45364855332072 0.0 -15.868582685328818 10.874888309982268 -4.381064889625172 -0.49 -9.7 -1.98 9.41 -2.09 1.87 0.03 -0.02 -0.03 0.03 0.0 -0.02
72.79306544725658 0.0 -16.24526256661001 10.972141137226373 -4.051036537104217 -0.44 -9.29 -1.96 9.5 -2.13 1.85 -0.01 -0.02 -0.04 0.0 0.03 -0.01
73.1265182519032 0.0 -16.62465022357511 11.059291527649663 -3.7082046593175946 -0.45 -9.44 -1.97 9.6 -2.06 1.84 -0.06 -0.02 -0.07 -0.03 0.03 -0.0
73.43256844979142 0.0 -17.00245428746454 11.158938963334393 -3.3740547317951837 -0.49 -9.73 -1.99 9.46 -2.09 1.87 -0.06 -0.0 -0.06 -0.03 0.02 0.0
73.724272925403 0.0 -17.367382065228558 11.258887999375673 -3.0516919773440563 -0.46 -9.75 -2.03 9.53 -2.13 1.88 -0.02 0.0 -0.03 -0.02 0.01 0.0
74.00987511018847 0.0 -17.709193947072134 11.371043573826057 -2.7611877963032327 -0.57 -9.73 -2.09 9.57 -2.26 1.9 0.01 0.01 -0.01 -0.04 0.01 -0.0
74.2941369948119 0.0 -18.038129259358165 11.481032902249424 -2.4807307712348035 -0.59 -9.54 -2.11 9.5 -2.27 1.88 -0.04 0.0 0.0 -0.05 0.0 0.0
74.5603752090714 0.0 -18.351647036721253 11.585753243210561 -2.2111866834402605 -0.47 -9.52 -1.92 9.54 -2.27 1.85 -0.03 -0.01 0.0 -0.03 0.0 -0.0
74.82822652831797 0.0 -18.658935685549945 11.697762477515326 -1.9513832665498398 -0.59 -9.53 -1.89 9.46 -2.31 1.86 -0.0 -0.01 -0.02 -0.03 -0.01 0.0
75.08029394642722 0.0 -19.010487764211085 11.802713608648489 -1.6338079707220103 -0.52 -9.54 -1.88 9.59 -2.26 1.96 -0.01 -0.0 -0.02 -0.02 0.0 0.01
75.3191676984088 0.0 -19.340576697626126 11.903226363987713 -1.3350941921358057 -0.47 -9.55 -1.98 9.44 -2.19 1.92 0.0 -0.01 -0.04 -0.01 0.01 0.01
75.55361992947262 0.0 -19.6792338318671 11.999811265690525 -1.0214475211839584 -0.47 -9.65 -1.9 9.45 -2.14 1.94 -0.03 -0.01 -0.02 -0.01 0.0 0.01
75.79091348330759 0.0 -19.95797210606052 12.090438736523922 -0.7707613940841469 -0.52 -9.61 -2.02 9.55 -2.17 1.83 -0.0 -0.01 -0.02 -0.03 0.01 0.01
75.9994213370222 0.0 -20.249485570993883 12.196022797270672 -0.5134987966008069 -0.44 -9.51 -1.93 9.5 -2.25 1.89 -0.01 -0.01 -0.02 -0.03 0.01 0.01
76.20417520187502 0.0 -20.539747795650193 12.297286310823893 -0.25250571649821296 -0.47 -9.58 -1.95 9.45 -2.23 1.89 -0.03 0.01 -0.02 -0.03 -0.0 -0.01
76.40925504377124 0.0 -20.83430183902774 12.398428607660364 0.015785474034295532 -0.53 -9.54 -1.97 9.46 -2.23 1.92 -0.02 0.01 -0.02 -0.03 0.0 -0.01
76.62440469103132 0.0 -21.094546512282587 12.487071156839647 0.2539179648599159 -0.61 -9.59 -1.95 9.5 -2.19 1.83 -0.03 0.01 -0.01 -0.04 -0.01 -0.01
76.8059075788535 0.0 -21.34433012956616 12.583676449949238 0.4761133039783516 -0.52 -9.62 -1.97 9.62 -2.28 1.85 -0.03 0.0 -0.01 -0.03 -0.01 0.0
76.97956076954874 0.0 -21.60196838697094 12.685187896132888 0.7063757741938872 -0.55 -9.67 -1.93 9.51 -2.29 1.88 -0.03 0.0 -0.02 -0.04 -0.01 -0.0
77.14351883299064 0.0 -21.898800556934706 12.77568586610765 0.9929345128185361 -0.45 -9.59 -2.01 9.49 -2.17 1.94 -0.03 0.01 -0.01 -0.03 -0.01 -0.0
77.29492953844544 0.0 -22.137582323915748 12.871621599863374 1.2076969913030453 -0.43 -9.63 -1.92 9.51 -2.26 1.88 -0.02 0.0 -0.01 -0.04 -0.01 -0.01
77.44438149852539 0.0 -22.366436756614227 12.970623322179677 1.4102385162227264 -0.48 -9.59 -1.92 9.54 -2.32 1.88 -0.03 0.0 -0.01 -0.04 -0.01 -0.0
77.58957077851706 0.0 -22.606330196687654 13.065074207852632 1.6309958733633323 -0.51 -9.57 -2.02 9.57 -2.3 1.9 -0.03 0.0 -0.01 -0.02 -0.01 -0.0
77.72657534043272 0.0 -22.858756585816717 13.154876657234254 1.8718290561555335 -0.48 -9.59 -1.98 9.54 -2.24 1.92 -0.03 -0.0 -0.02 -0.02 -0.01 -0.01
77.85447018221863 0.0 -23.085488876925037 13.240371733733568 2.0853504308267503 -0.44 -9.63 -1.94 9.54 -2.23 1.87 -0.03 -0.0 -0.02 -0.03 0.0 -0.0
77.98244391613756 0.0 -23.323744434353742 13.324462871907741 2.315534507562333 -0.48 -9.57 -2.03 9.65 -2.23 1.91 -0.02 -0.0 -0.02 -0.02 0.0 -0.01
78.10273507848463 0.0 -23.530868101614377 13.410118659586075 2.5075388136865513 -0.5 -9.59 -1.99 9.48 -2.23 1.84 -0.02 -0.01 -0.02 -0.02 0.0 -0.01
78.21292125552144 0.0 -23.770078894469734 13.49713447024618 2.740266741887382 -0.48 -9.56 -1.95 9.49 -2.21 1.92 -0.03 0.0 -0.02 -0.02 -0.01 -0.01
78.30307073395609 0.0 -23.97841126956689 13.58881331845393 2.9329702035350778 -0.45 -9.65 -1.91 9.44 -2.27 1.9 -0.02 0.0 -0.02 -0.03 -0.01 0.0
78.40284987315883 0.0 -24.1806453808541 13.664813293398211 3.1290326364636414 -0.49 -9.75 -1.91 9.48 -2.2 1.84 0.01 0.0 0.0 -0.02 -0.01 0.01
78.52458563103197 0.0 -24.40941988863758 13.726491008665704 3.3684955007044266 -0.53 -9.56 -1.91 9.6 -2.08 1.85 0.04 0.02 0.01 -0.05 -0.01 -0.0
78.6086521344945 0.0 -24.594798598829396 13.825141257825067 3.531771729707593 -0.57 -9.35 -2.06 9.53 -2.34 1.92 -0.04 0.02 -0.01 -0.09 -0.01 -0.0
78.63934348415638 0.0 -24.779989253555733 13.939042907484435 3.6874325324280974 -0.45 -9.64 -1.95 9.45 -2.49 2.01 -0.05 0.01 -0.03 -0.01 -0.02 -0.01
78.71927930809933 0.0 -24.998701511013945 14.00435543711015 3.9164497152844575 -0.46 -9.66 -1.9 9.58 -2.2 1.93 0.01 -0.0 -0.02 0.03 -0.01 -0.02
78.80652428282352 0.0 -25.20869343150067 14.074163665475893 4.13269442545738 -0.57 -9.52 -1.99 9.6 -2.18 1.93 -0.03 -0.02 -0.04 -0.02 0.01 -0.0
78.86104420446199 0.0 -25.393703361202068 14.145794275110745 4.3167725274170365 -0.45 -9.64 -1.91 9.53 -2.19 1.88 -0.05 -0.03 -0.04 -0.03 0.01 0.01
78.89868824321684 0.0 -25.56071036706217 14.22757252984529 4.47280797406237 -0.4 -9.57 -1.93 9.52 -2.29 1.89 -0.0 -0.01 -0.02 -0.02 0.0 0.0
78.94963177260777 0.0 -25.764877454820766 14.291059703691161 4.6888190412863295 -0.41 -9.54 -2.0 9.53 -2.14 1.9 -0.03 -0.0 -0.03 -0.01 -0.0 -0.0
78.9848894978201 0.0 -25.926842781653846 14.369711766622771 4.842212185007774 -0.48 -9.61 -1.97 9.39 -2.24 1.87 -0.05 -0.01 -0.02 -0.03 -0.01 0.0
79.03005362031323 0.0 -26.09865233353125 14.438601195996242 5.015209791216229 -0.55 -9.62 -1.96 9.5 -2.22 1.88 -0.04 0.01 -0.01 0.01 -0.02 -0.01
79.06218352466844 0.0 -26.262138321527317 14.50694293458325 5.178654939173356 -0.54 -9.53 -2.17 9.55 -2.24 1.88 -0.01 -0.01 -0.01 -0.0 -0.01 -0.01
79.08637438516398 0.0 -26.409507880991587 14.587365170841196 5.315177073997802 -0.59 -9.54 -2.04 9.58 -2.36 1.92 -0.05 -0.03 -0.03 0.01 -0.01 -0.02
79.08702054243574 0.0 -26.547062929092192 14.664357518615759 5.4418668491404745 -0.51 -9.8 -1.85 9.56 -2.38 1.9 -0.06 -0.04 -0.03 0.03 -0.01 -0.01
79.09007923087361 0.0 -26.736055179123568 14.720269672769945 5.6493729361100335 -0.37 -9.76 -1.86 9.56 -2.17 1.92 -0.01 -0.04 -0.02 0.04 -0.01 0.0
79.10454788333719 0.0 -26.91923644010073 14.781213815513155 5.847242364436944 -0.39 -9.52 -1.8 9.51 -2.15 1.94 -0.02 -0.03 -0.02 -0.0 -0.0 0.0
79.11699625673049 0.0 -27.053751615694264 14.835144722458523 5.985139286100015 -0.42 -9.59 -1.77 9.5 -2.17 1.82 -0.05 -0.0 -0.02 -0.04 -0.0 -0.0
79.12031098900607 0.0 -27.202478432763485 14.88719083434151 6.143721086257592 -0.45 -9.63 -1.91 9.57 -2.16 1.84 -0.04 0.01 -0.01 -0.07 -0.0 0.02
79.11459529014074 0.0 -27.31650550884119 14.945817611566397 6.25314602289982 -0.48 -9.64 -1.91 9.5 -2.24 1.79 -0.02 0.02 -0.01 -0.07 -0.01 0.01
79.12535730377294 0.0 -27.465147729408944 14.975143751030217 6.4255083925772425 -0.46 -9.7 -1.91 9.45 -2.0 1.71 -0.02 0.05 -0.0 -0.05 -0.02 0.01
79.1469162417873 0.0 -27.621802709801248 14.96897442970355 6.62825388250247 -0.3 -9.85 -1.67 9.45 -1.7 1.54 0.03 0.12 0.04 -0.12 -0.04 -0.01
79.17941015606208 0.0 -27.813768650290903 14.946821869489256 6.8868703292058555 -0.16 -9.85 -1.3 9.28 -1.4 1.46 0.07 0.28 0.15 -0.27 -0.06 -0.05
79.22324443029625 0.0 -28.012273088203784 14.929166291891576 7.151383755084005 -0.12 -9.44 -1.25 9.4 -1.37 1.51 0.05 0.47 0.22 -0.45 -0.08 -0.05
79.24667282075191 0.0 -28.189760134757858 14.912690251225612 7.386606197419233 -0.01 -9.46 -1.07 9.39 -1.38 1.48 0.08 0.7 0.25 -0.65 -0.08 -0.06
79.24647771015626 0.0 -28.252316669313878 14.894663794499735 7.468913346188778 0.06 -9.94 -0.63 9.39 -1.57 1.23 0.05 0.95 0.33 -0.81 -0.11 -0.06
79.24667002097966 0.0 -28.32817823196194 14.870729382568598 7.571786326778323 -0.09 -10.29 -0.75 9.52 -1.6 1.2 0.13 1.25 0.46 -0.99 -0.13 -0.05
79.23914840040446 0.0 -28.318531809183625 14.863297711096976 7.551224293878846 -0.17 -10.08 -1.03 9.69 -1.92 1.12 0.2 1.48 0.53 -1.18 -0.12 0.0
79.22382879108918 0.0 -28.265683396029626 14.870605961650426 7.464692482335039 -0.32 -10.08 -1.13 9.57 -2.14 1.05 0.25 1.64 0.57 -1.31 -0.13 0.04
79.18145787921678 0.0 -28.132216943715548 14.889624946057339 7.264360435639389 -0.27 -10.04 -1.16 9.4 -2.4 0.89 0.31 1.8 0.6 -1.41 -0.14 0.08
79.11413617989976 0.0 -27.940122319790774 14.896611016011164 6.993006971788759 -0.05 -10.27 -0.9 9.52 -2.56 0.7 0.43 1.98 0.65 -1.46 -0.18 0.11
79.05019012345046 0.0 -27.702944217530852 14.903336367496124 6.662507378606676 0.12 -9.93 -0.82 9.46 -2.68 0.53 0.54 2.16 0.71 -1.48 -0.17 0.12
79.03950633001479 0.0 -27.50121121887442 14.896090075472287 6.387176999984156 -0.16 -9.55 -1.22 9.57 -2.61 0.51 0.47 2.36 0.76 -1.54 -0.17 0.12
79.01462947265796 0.0 -27.193620709092404 14.93557584473865 5.946706745991996 -0.52 -9.2 -1.7 9.5 -3.07 0.48 0.31 2.39 0.72 -1.68 -0.13 0.17
78.92556264843252 0.0 -26.816095705600993 15.008125119774974 5.396494346591233 -0.66 -9.58 -1.92 9.55 -3.55 0.49 0.25 2.36 0.66 -1.6 -0.12 0.23
78.81364889949272 0.0 -26.44893139304039 15.070161258299876 4.8664243368505495 -0.57 -9.85 -1.97 9.63 -3.64 0.47 0.33 2.3 0.64 -1.44 -0.12 0.17
78.7550161684951 0.0 -26.028676896829474 15.126213695223328 4.270464022679967 -0.68 -9.28 -1.97 9.55 -3.72 0.29 0.32 2.26 0.59 -1.27 -0.21 0.13
78.69846708035448 0.0 -25.568540844314484 15.167791276206387 3.6312866128318717 -0.66 -9.13 -2.07 9.46 -3.7 0.06 0.2 2.25 0.56 -0.99 -0.29 0.06
78.65380976072194 0.0 -25.198534293975307 15.191714768446431 3.1228634280496763 -0.8 -9.12 -2.57 9.55 -3.47 0.13 0.17 2.18 0.52 -0.8 -0.34 0.0
78.63035271585115 0.0 -24.80767696802944 15.21704953671835 2.588568499632025 -1.01 -9.01 -2.68 9.52 -3.44 0.08 0.18 2.01 0.42 -0.69 -0.33 0.02
78.6332004348217 0.0 -24.414464371477585 15.207107027177884 2.071509443269143 -1.03 -8.98 -2.7 9.57 -3.19 -0.09 0.22 1.84 0.28 -0.55 -0.28 -0.01
78.67664467487609 0.0 -24.187890160393952 15.13019113265824 1.8098639410659842 -0.86 -9.17 -2.31 9.32 -2.31 -0.1 0.23 1.71 0.19 -0.46 -0.37 -0.1
78.6814668301106 0.0 -23.583151233414032 15.077135619842082 1.0454209003016501 -0.71 -9.08 -2.34 9.65 -2.92 -0.8 0.1 1.69 0.16 -0.57 -0.32 -0.13
78.66437953897287 0.0 -23.094679351635417 15.051196626967396 0.4249312682755715 -0.86 -9.18 -2.6 9.55 -2.98 -0.63 0.07 1.6 0.13 -0.46 -0.27 -0.12
78.68457629353067 0.0 -22.659768240017673 14.985384387730718 -0.10193660598784504 -0.94 -9.39 -2.49 9.28 -2.57 -0.72 0.05 1.52 0.11 -0.36 -0.27 -0.16
78.7183810107819 0.0 -22.11666086638083 14.938864034127732 -0.7727569838770947 -1.16 -9.29 -2.33 9.48 -2.84 -0.86 -0.07 1.46 0.13 -0.43 -0.32 -0.17
78.70477453142466 0.0 -21.59332425695442 14.932039727565424 -1.4321528883864403 -1.35 -9.49 -2.52 9.58 -3.16 -0.68 -0.15 1.35 0.13 -0.37 -0.27 -0.13
78.68082416188797 0.0 -21.109803796441213 14.904903719197762 -2.0263454386123243 -1.25 -9.78 -2.34 9.63 -3.05 -0.63 -0.15 1.2 0.11 -0.27 -0.25 -0.1
78.68532934132409 0.0 -20.59246991405456 14.843944492630627 -2.642801691254121 -1.26 -9.96 -2.27 9.78 -2.87 -0.8 -0.11 1.1 0.13 -0.27 -0.24 -0.1
78.69939260287076 0.0 -20.02294764452573 14.793284806560195 -3.324652391542955 -1.33 -9.71 -2.31 9.78 -2.94 -0.93 -0.09 1.0 0.14 -0.29 -0.18 -0.06
78.69260864718235 0.0 -19.46370116871339 14.757349575861397 -3.994653109069283 -1.35 -9.65 -2.41 9.69 -3.0 -0.91 -0.09 0.86 0.11 -0.24 -0.12 -0.01
78.68870698977277 0.0 -18.95270324047752 14.69952817230238 -4.588574279655695 -1.38 -9.8 -2.7 9.73 -2.8 -0.87 -0.06 0.71 0.1 -0.22 -0.07 0.01
78.68898852714939 0.0 -18.37172540966122 14.64338708063677 -5.265454143926085 -1.38 -9.7 -2.67 9.62 -2.8 -1.04 -0.06 0.58 0.09 -0.23 -0.03 0.03
78.65679538262226 0.0 -17.75755164288316 14.591506329688244 -5.979586319821998 -1.28 -9.9 -2.69 9.58 -2.84 -1.15 -0.01 0.46 0.1 -0.2 -0.01 0.03
78.63932450597072 0.0 -17.169849102462287 14.538293370533651 -6.654228082853642 -1.2 -9.56 -2.61 9.56 -2.79 -1.13 0.01 0.36 0.1 -0.14 0.01 0.03
78.63865746653323 0.0 -16.582315623315303 14.483601513086484 -7.322192344935182 -1.31 -9.28 -2.88 9.61 -2.77 -1.13 -0.02 0.24 0.07 -0.11 0.02 0.03
78.61634435055268 0.0 -15.95395411195994 14.413366610453451 -8.027265576473745 -1.14 -9.59 -2.58 9.47 -2.62 -1.3 -0.03 0.14 0.05 -0.07 0.0 0.03
78.60234182448234 0.0 -15.334047944454042 14.34751424631773 -8.717355195208718 -1.13 -9.44 -2.48 9.42 -2.58 -1.31 0.03 0.11 0.06 -0.07 -0.0 0.01
78.59129961335555 0.0 -14.747455574543082 14.296193454224579 -9.367238065893751 -1.19 -9.12 -2.56 9.45 -2.64 -1.19 0.04 0.06 0.03 -0.04 0.02 0.01
78.55151980321618 0.0 -14.112582123382182 14.231421293262045 -10.063986007273435 -0.91 -9.19 -2.38 9.44 -2.57 -1.32 -0.02 0.01 0.0 -0.04 -0.01 -0.01
78.50188245551416 0.0 -13.509909756389382 14.173202747997763 -10.718712328932035 -0.94 -9.38 -2.42 9.6 -2.61 -1.23 -0.04 0.02 -0.01 -0.03 -0.01 -0.04
78.47353488646394 0.0 -12.938215163174975 14.093540130381143 -11.321845452973143 -0.9 -9.37 -2.3 9.57 -2.38 -1.2 0.0 0.0 -0.03 -0.03 -0.0 -0.04
78.42587978297811 0.0 -12.312156424953232 14.028869069567904 -11.990225616565986 -0.83 -9.3 -2.21 9.57 -2.47 -1.28 -0.04 -0.0 -0.04 -0.06 -0.0 -0.06
78.38748830699085 0.0 -11.754656566793932 13.959991874303753 -12.570252228325593 -0.89 -9.3 -2.22 9.65 -2.4 -1.13 -0.06 -0.01 -0.07 -0.06 0.02 -0.08
78.3170021384219 0.0 -11.303030469548391 13.900686297197907 -13.024963507647094 -0.71 -9.31 -2.05 9.77 -2.4 -0.8 -0.04 -0.03 -0.12 -0.01 0.07 -0.07
78.28689495914921 0.0 -10.826163585179192 13.760412965073726 -13.473160174232383 -0.23 -9.26 -1.53 10.34 -1.92 -0.9 0.03 -0.06 -0.25 -0.11 0.23 -0.07
78.23122462332415 0.0 -10.317061095617873 13.640767780499488 -13.962808909643762 0.18 -9.02 -0.67 10.05 -1.83 -0.97 0.16 -0.04 -0.4 -0.4 0.43 -0.13
78.07476157231983 0.0 -9.91656240647782 13.601630545825927 -14.35583182308195 0.59 -8.62 -0.39 9.66 -2.24 -0.58 0.37 0.12 -0.58 -0.47 0.48 -0.19
77.98520021301702 0.0 -9.36061364502808 13.542093661976452 -14.918467390805297 0.65 -7.66 -0.31 10.23 -2.48 -0.85 0.6 0.4 -0.91 -0.42 0.48 -0.24
77.83403163789026 0.0 -8.812380897647321 13.53057069162648 -15.487886966965597 0.78 -7.15 -0.63 9.61 -2.71 -0.85 0.71 0.57 -1.38 -0.19 0.36 -0.26
77.64112747497603 0.0 -8.397419216680971 13.472887736582436 -15.883737644592692 1.41 -7.04 -0.91 9.59 -2.36 -0.62 0.42 0.71 -1.8 0.04 0.24 -0.29
77.28657767493526 0.0 -8.040919482020193 13.423990214222513 -16.213828317066138 2.28 -8.36 -0.72 9.48 -2.3 -0.41 0.31 0.8 -2.07 0.12 0.2 -0.42
76.93218679224391 0.0 -7.382342379662472 13.379511139627368 -16.887324277740454 2.37 -8.76 -1.05 9.46 -2.47 -1.07 0.58 0.97 -2.24 0.25 0.11 -0.47
76.56751177277162 0.0 -6.851198372873221 13.305768218827268 -17.40013031567357 2.83 -8.26 -1.9 9.4 -2.17 -0.97 0.7 1.05 -2.4 0.34 0.05 -0.48
76.15963801612597 0.0 -6.387441482609801 13.193052393737702 -17.817838684150196 3.52 -8.52 -1.8 9.75 -1.85 -0.85 0.28 0.94 -2.54 0.31 -0.04 -0.42
75.69945696413559 0.0 -5.855452183741889 13.09538386529843 -18.313717396302728 4.03 -8.95 -0.91 9.43 -1.77 -0.98 -0.05 1.0 -2.59 0.09 -0.05 -0.34
75.15630752086176 0.0 -5.182372300732557 13.051335586088442 -18.98287830302271 4.26 -9.54 -0.56 8.79 -2.04 -1.3 0.06 1.1 -2.62 0.06 -0.06 -0.24
74.61404365532374 0.0 -4.6697004760490435 12.97591274062276 -19.45732206795777 4.85 -8.7 -0.74 9.06 -1.9 -1.02 0.15 1.15 -2.67 0.0 -0.02 -0.1
73.96368151555733 0.0 -4.2855092459574715 12.930527733866768 -19.796771196599714 5.61 -8.32 -1.01 9.79 -2.29 -0.59 -0.01 1.12 -2.73 -0.24 0.01 0.04
73.21614892300786 0.0 -3.9317268166517363 12.8452952906853 -20.08715332500133 6.76 -8.59 -0.93 9.96 -2.03 -0.44 -0.06 0.96 -2.78 -0.29 0.13 0.07
72.36315867976347 0.0 -3.7057863210119306 12.774605149398255 -20.240251013371584 7.98 -8.2 -0.41 10.11 -2.08 -0.05 -0.02 0.75 -2.77 -0.25 0.22 -0.03
71.48595500639861 0.0 -3.141291884646114 12.699083416873222 -20.763724749174962 8.49 -8.28 -0.26 9.96 -2.08 -0.75 0.14 0.77 -2.67 -0.11 0.11 -0.1
70.61959529201087 0.0 -2.5608661582361685 12.615642566204755 -21.298193163220738 8.81 -7.52 -0.35 9.95 -2.01 -0.95 0.38 0.76 -2.61 0.03 0.06 -0.21
69.79917969561073 0.0 -2.1139420921972714 12.509749940462768 -21.67494911964922 8.86 -6.71 -0.25 9.62 -1.66 -0.75 0.41 0.69 -2.61 0.2 0.06 -0.18
69.00655362852424 0.0 -1.5549776160071724 12.331580822538584 -22.144715495183824 9.33 -5.88 0.02 9.69 -1.02 -1.02 0.33 0.7 -2.55 0.18 -0.01 -0.14
68.19140723148055 0.0 -1.0456730955315139 12.154938862016394 -22.555722167231046 9.47 -5.94 0.2 10.02 -0.92 -0.94 0.19 0.68 -2.39 -0.01 -0.08 -0.22
67.30143609215718 0.0 -0.6228249523302742 12.026842525015255 -22.88644188867054 9.66 -6.05 0.61 9.82 -1.15 -0.7 0.38 0.58 -2.18 -0.15 -0.01 -0.21
66.46181109345432 0.0 -0.34591560091026496 11.852804810389657 -23.042808903479887 9.78 -5.45 1.23 9.78 -0.78 -0.32 0.62 0.52 -1.87 0.05 0.03 -0.26
65.7336998054742 0.0 -0.1817439365436716 11.614364486243971 -23.05462816802177 9.54 -4.21 1.04 10.15 -0.25 0.03 0.35 0.52 -1.47 0.19 -0.02 -0.38
64.9596993945063 0.0 0.05570138422749988 11.418834747925018 -23.156296692083536 9.38 -4.13 1.08 10.23 -0.46 0.01 -0.02 0.35 -1.19 -0.06 0.05 -0.37
64.12495789265205 0.0 0.3053956525163888 11.312980571202019 -23.302040231108187 9.03 -4.23 1.53 9.9 -1.13 0.04 0.1 0.22 -1.03 -0.28 0.17 -0.33
63.17637220727816 0.0 0.921651206005548 11.268860252731699 -23.849863074027105 9.31 -3.69 1.61 9.45 -1.76 -0.73 0.4 0.22 -0.98 -0.27 0.19 -0.24
62.383066117588214 0.0 1.3272718684929865 11.047560144398687 -24.111673592143596 9.48 -3.05 1.34 9.96 -0.63 -0.51 0.27 0.22 -0.85 -0.05 0.09 -0.24
61.602622956270764 0.0 1.7372762346885853 10.836943719310383 -24.37751290831826 9.26 -3.02 1.31 10.04 -0.46 -0.49 0.02 0.18 -0.67 -0.2 0.11 -0.25
60.638133410809516 0.0 2.1645870264965055 10.76397424976048 -24.70900149241914 9.48 -3.23 1.6 9.9 -1.46 -0.49 0.08 0.14 -0.54 -0.24 0.13 -0.25
59.69601323114075 0.0 2.5680189013951726 10.663459612758885 -25.004090198697575 9.53 -2.6 1.53 9.83 -1.45 -0.44 0.1 0.13 -0.44 0.05 0.14 -0.29
58.8696713228381 0.0 2.8304961320034905 10.480070689115891 -25.123474092812593 9.22 -2.71 1.67 9.5 -0.72 -0.13 0.02 0.09 -0.37 0.06 0.07 -0.24
58.09514451638182 0.0 3.3452203652466053 10.237285286079128 -25.470205947168857 9.14 -2.38 1.58 9.76 -0.13 -0.55 -0.11 0.09 -0.22 -0.09 0.04 -0.2
57.15754439534358 0.0 3.6199906235949717 10.115298825515723 -25.619935382523913 9.35 -2.44 1.62 9.74 -0.93 -0.15 -0.31 0.07 -0.18 -0.32 0.08 -0.06
56.17809554863625 0.0 3.909781362794524 10.02091745661339 -25.794165983331148 9.44 -2.61 1.7 9.85 -1.35 -0.1 -0.19 0.04 -0.15 -0.18 0.02 -0.04
55.26834953103818 0.0 4.542620278724499 9.837557005474636 -26.27033488383035 9.55 -2.23 1.69 10.32 -0.84 -0.73 -0.13 0.01 -0.06 -0.02 0.01 -0.09
54.277617669666256 0.0 4.6715027489499565 9.72876501133392 -26.276396171633984 9.58 -2.39 1.87 9.97 -1.27 0.1 -0.0 -0.04 -0.09 0.0 0.03 -0.07
53.31895477699832 0.0 5.059175412663095 9.576690994358117 -26.51754608535763 9.6 -1.97 1.82 9.85 -0.96 -0.21 0.13 -0.04 -0.09 0.09 -0.03 -0.09
52.44391479855508 0.0 5.473115408961137 9.372370694537707 -26.759579666589268 9.3 -1.72 1.7 9.83 -0.46 -0.27 -0.02 -0.05 -0.04 0.11 -0.07 -0.1
51.502133258081535 0.0 5.9043926598663985 9.175723386121021 -27.016636846333718 9.67 -2.2 1.87 10.14 -0.45 -0.32 0.0 -0.09 0.01 0.16 -0.07 -0.07
50.57429408044077 0.0 6.451432764344746 8.99585208476526 -27.386940135714774 9.41 -1.96 2.25 10.34 -0.56 -0.55 0.31 -0.02 -0.02 0.09 0.02 -0.06
49.54851987888071 0.0 6.721264110040674 8.841895590352308 -27.499548970604444 9.82 -1.46 2.13 10.13 -0.76 -0.1 0.28 0.02 -0.02 0.12 0.02 -0.05
48.59476748699927 0.0 7.169082932038764 8.624688320943307 -27.750672690981766 9.86 -1.74 2.16 10.44 -0.34 -0.28 0.22 0.01 -0.03 0.23 0.03 -0.04
47.66204054626373 0.0 7.7822573519889335 8.379587999255051 -28.139008406458977 9.83 -1.3 1.99 10.19 0.1 -0.55 0.14 0.04 0.02 0.1 0.09 -0.0
46.67451060689056 0.0 8.15318882567995 8.210308610851655 -28.328604029994786 9.66 -1.35 1.78 9.89 -0.37 -0.23 -0.1 0.07 0.04 0.04 0.08 0.02
