0.0 0.0 0.0 0.0 0.0 9.24 -3.47 0.94 9.85 -0.59 -0.19 -0.02 0.02 -0.03 -0.02 0.0 0.01
0.0 0.0 -0.03897852350039903 0.006910578624129471 0.04506508340745086 9.25 -3.52 0.94 9.92 -0.64 -0.19 -0.02 0.01 -0.03 -0.03 -0.0 0.01
0.012303255905138144 0.0 -0.14177754341785237 -0.005394403519645152 0.0028003465770893854 9.26 -3.49 0.95 10.01 -0.55 -0.13 -0.01 0.02 -0.02 -0.02 0.01 0.01
0.014194847160965196 0.0 -0.31442762997417617 -0.004148529694148806 0.04739650027283915 9.21 -3.49 0.93 9.88 -0.61 -0.11 -0.03 0.01 -0.01 -0.03 0.0 -0.01
0.019738667842858604 0.0 -0.29078431662783016 -0.0007336141805609486 0.060198347188475054 9.12 -3.49 0.96 9.84 -0.61 -0.18 -0.02 0.0 -0.01 -0.03 0.0 -0.01
0.026576842010129553 0.0 -0.2744882699329859 -0.006641663778523821 0.025227197923697986 9.26 -3.51 0.93 10.06 -0.57 -0.18 -0.01 0.0 0.0 -0.02 0.01 0.01
0.018671372831036592 0.0 -0.3233566120558762 0.00966939123448185 0.12225153855655435 9.26 -3.55 0.95 10.0 -0.7 -0.2 -0.0 0.0 0.0 -0.04 0.0 -0.01
0.005829182578281689 0.0 -0.4464043014712018 0.01838798192601132 0.19550015512612617 9.23 -3.44 1.01 9.92 -0.69 -0.16 -0.02 -0.0 -0.01 -0.03 -0.01 -0.01
0.010608195498619466 0.0 -0.6146792220719371 0.0163018407921669 0.22153866706156577 9.21 -3.46 1.02 9.86 -0.63 -0.11 -0.03 -0.0 -0.01 0.01 -0.0 0.0
0.03479778226652286 0.0 -0.7468636937254208 0.0038290621531160696 0.18423923024934652 9.25 -3.55 1.01 9.94 -0.55 -0.09 -0.01 0.01 -0.01 -0.0 -0.0 -0.0
0.034864924114771156 0.0 -0.6225574651837895 -0.005242931176454135 0.10853383991440069 9.18 -3.37 1.07 9.88 -0.51 -0.19 0.01 0.0 -0.01 -0.01 -0.0 -0.0
0.03961706468429327 0.0 -0.7822980772065096 -0.019137245954112814 0.06928765437746165 9.23 -3.38 0.99 9.91 -0.5 -0.09 -0.01 -0.0 -0.01 -0.02 -0.01 0.0
0.04324635845092928 0.0 -0.9182842576630293 -0.022909392205136214 0.0785527520981475 9.25 -3.44 0.99 9.98 -0.56 -0.1 -0.05 -0.0 0.0 -0.03 -0.01 0.0
0.041916968058160364 0.0 -1.0615284831923664 -0.012727622910887249 0.1639809959962406 9.2 -3.49 1.02 9.88 -0.66 -0.12 -0.03 -0.0 -0.0 -0.04 -0.0 0.0
0.03438478892574892 0.0 -1.2952603539503105 -0.006626078552699255 0.2472413505588804 9.21 -3.45 0.98 9.95 -0.68 -0.08 -0.0 0.0 -0.0 -0.02 -0.01 -0.0
0.040802158253555376 0.0 -1.2289324187955046 -0.012788669425859212 0.19953672277594592 9.19 -3.44 1.0 9.91 -0.57 -0.17 -0.03 -0.0 -0.01 -0.02 -0.0 0.0
0.03817718502780565 0.0 -1.421676244591671 -0.015327063664770435 0.22738255084425418 9.24 -3.42 0.99 9.9 -0.6 -0.09 -0.03 -0.0 -0.02 -0.03 -0.01 0.0
0.04643788508016655 0.0 -1.4834966571307338 -0.017662476642669844 0.2278800822938365 9.26 -3.5 1.0 9.95 -0.59 -0.13 -0.01 0.01 -0.02 -0.02 -0.01 -0.0
0.04437691511341768 0.0 -1.619946461737548 -0.02202900499098348 0.23343235731510958 9.22 -3.41 0.98 9.91 -0.58 -0.1 -0.02 -0.0 -0.02 -0.03 -0.01 0.0
0.047168418192626405 0.0 -1.6973000181203952 -0.030668858080204586 0.20303457803242964 9.23 -3.39 1.02 9.9 -0.54 -0.11 -0.04 -0.0 -0.02 -0.03 -0.01 0.0
0.056606867684351414 0.0 -1.7253024254247915 -0.03609554331228537 0.17932127025900968 9.26 -3.49 0.96 9.99 -0.55 -0.14 -0.04 0.0 -0.02 -0.02 -0.01 0.01
0.06931951743240461 0.0 -1.9187928120486326 -0.049006613676183974 0.15016094171394911 9.23 -3.45 1.0 9.87 -0.51 -0.06 -0.03 -0.0 -0.0 -0.03 -0.02 0.0
0.0698479682609161 0.0 -2.024405405452751 -0.046955155062221365 0.18329723053111024 9.18 -3.44 1.04 9.98 -0.6 -0.11 -0.05 -0.0 0.0 -0.06 -0.01 0.0
0.06815385121906559 0.0 -2.229690046955926 -0.04224536717434546 0.2519521091619481 9.27 -3.48 1.06 9.97 -0.65 -0.08 -0.04 -0.01 0.0 -0.06 0.0 0.0
0.07035102424538309 0.0 -2.242568907130424 -0.04073998035532611 0.2623621706532333 9.12 -3.44 1.02 9.93 -0.62 -0.15 -0.04 -0.0 0.01 -0.06 0.0 -0.01
0.054993973840765875 0.0 -2.2442170619073294 -0.029804489967574455 0.32169792784563356 9.15 -3.39 1.02 9.9 -0.68 -0.19 -0.04 -0.0 -0.0 -0.06 0.0 -0.01
0.0370411385112277 0.0 -2.143482218654701 -0.014071807807098935 0.38508093914646224 9.2 -3.43 0.96 9.95 -0.72 -0.26 -0.03 0.01 -0.03 -0.05 0.01 -0.01
0.034823228939515616 0.0 -2.246108422696999 -0.009593252937349916 0.4307417407796379 9.22 -3.46 1.0 9.96 -0.68 -0.17 -0.04 0.02 -0.05 -0.04 0.01 -0.02
0.026259133550908587 0.0 -2.3836182728594912 0.0027172973295961356 0.5263836819902679 9.2 -3.49 0.94 9.92 -0.73 -0.15 -0.03 0.03 -0.07 -0.05 0.0 -0.03
0.020072644916851345 0.0 -2.5079779553771098 0.011949489316123163 0.6025052960090136 9.24 -3.52 0.9 9.94 -0.72 -0.14 -0.01 0.02 -0.09 -0.04 0.0 -0.02
0.0228065529242798 0.0 -2.577763048178576 0.016266390344142678 0.6402237010072724 9.17 -3.53 0.89 9.97 -0.68 -0.15 -0.03 0.02 -0.09 -0.01 -0.0 -0.01
0.03458950884810008 0.0 -2.603463196986959 0.005407948788388239 0.5859722227603754 9.29 -3.53 0.92 9.89 -0.55 -0.14 -0.02 0.02 -0.08 -0.0 -0.01 -0.02
0.041690849007835595 0.0 -2.674829827554495 -0.0046426223195510374 0.5457341918835255 9.25 -3.5 0.83 9.96 -0.53 -0.12 -0.02 -0.0 -0.06 -0.02 -0.01 -0.02
0.0454764228106086 0.0 -2.8012217948202736 -0.0030993051601484467 0.5803223701424258 9.24 -3.52 0.94 9.87 -0.6 -0.11 -0.01 -0.01 -0.04 -0.02 -0.01 -0.01
0.0584889542342637 0.0 -2.96941162463637 -0.014836289738980213 0.5510220054640911 9.12 -3.47 0.87 9.78 -0.52 -0.06 -0.02 -0.02 -0.01 -0.03 -0.02 -0.0
0.050571000516882236 0.0 -2.8689481087743087 -0.006476900720699064 0.5746625887909431 9.25 -3.51 0.88 9.99 -0.63 -0.21 -0.04 -0.03 0.02 -0.03 -0.02 0.01
0.04158099901967205 0.0 -2.9602000850128696 0.008184225047472182 0.6733794828460304 9.31 -3.56 0.93 9.97 -0.72 -0.17 -0.01 -0.04 0.03 -0.02 -0.01 0.0
0.035261713300329234 0.0 -3.044646064624334 0.01763378121678727 0.7421800425250922 9.3 -3.53 0.98 9.96 -0.71 -0.16 -0.01 -0.03 0.03 -0.01 -0.04 -0.0
0.034758610527987344 0.0 -3.200246903141255 0.026404266107945773 0.8225116505625181 9.19 -3.51 1.04 9.83 -0.71 -0.12 -0.02 -0.03 0.02 0.02 -0.04 0.03
0.04405576337244099 0.0 -3.030281731466555 0.023898514232200796 0.7716282337012217 9.26 -3.54 1.03 9.98 -0.6 -0.24 -0.01 -0.02 0.02 0.02 -0.04 0.05
0.03473014625046744 0.0 -3.038830790614523 0.01929551146167796 0.7475289429244185 9.27 -3.34 1.14 9.89 -0.57 -0.18 -0.03 -0.02 0.03 0.01 -0.03 0.04
0.0 0.0 -2.978200385430496 0.028198825702617114 0.7822643204952442 9.26 -2.88 1.11 9.94 -0.65 -0.23 -0.17 -0.01 0.04 -0.02 -0.02 0.04
0.0 0.0 -3.1743360316480866 0.02080217315456423 0.7831197383357846 9.23 -3.17 0.92 9.96 -0.58 -0.09 -0.42 0.02 0.01 -0.01 -0.01 0.02
0.050332795266072594 0.0 -3.156381171232259 -0.0218492293686694 0.5446607252124238 9.29 -3.85 0.98 10.14 -0.29 -0.09 -0.41 0.04 0.08 -0.06 0.05 0.0
0.0 0.0 -3.119282416693352 -0.021314439635958138 0.5387867841740501 9.31 -3.0 0.81 9.91 -0.51 -0.17 -0.63 0.02 0.13 -0.15 0.09 -0.01
0.006717439820704385 0.0 -3.3700427179447847 -0.031078641376709015 0.5367668880190593 9.3 -3.64 0.59 10.06 -0.52 -0.04 -0.94 0.01 0.13 -0.11 0.07 0.02
0.20245603288165626 0.0 -3.5062107284668986 -0.07908585314488903 0.29815094110071527 9.04 -4.76 0.47 10.02 -0.23 0.01 -0.8 -0.03 0.26 -0.18 0.08 -0.02
0.3107674847778412 0.0 -3.5272250182793057 -0.0645775718760575 0.3816753162764144 8.95 -4.88 0.35 9.89 -0.6 -0.14 -0.57 -0.11 0.46 -0.2 0.06 -0.02
0.380962293468599 0.0 -3.9463407600623803 -0.05716917427510282 0.5077769237852294 9.03 -4.64 0.33 9.96 -0.68 0.02 -0.49 -0.19 0.57 -0.15 0.08 0.01
0.4725371700718597 0.0 -4.015832794494917 -0.08013387560848173 0.3923023690717855 8.96 -4.5 0.26 9.93 -0.45 -0.05 -0.6 -0.23 0.73 -0.13 0.04 -0.0
0.6352506194695025 0.0 -4.109534056430515 -0.11442386399824045 0.21743060587891705 8.84 -4.99 -0.06 9.98 -0.32 -0.03 -0.85 -0.3 0.88 -0.2 0.05 -0.03
0.8525931061686549 0.0 -4.3409697393429205 -0.12962849510081753 0.17619766614851073 8.67 -5.65 -0.09 9.96 -0.43 0.0 -0.82 -0.42 1.05 -0.29 0.09 -0.03
0.9951792429570077 0.0 -4.682210274132167 -0.1006648415033169 0.40551179177052177 8.81 -5.67 -0.17 9.93 -0.79 -0.02 -0.65 -0.49 1.18 -0.28 0.09 -0.02
1.1681042987934376 0.0 -5.084110156786403 -0.07917573540855471 0.6047461487032706 8.57 -5.86 -0.49 9.94 -0.84 0.02 -0.59 -0.54 1.25 -0.24 0.09 -0.03
1.398317713458752 0.0 -5.2263723154965165 -0.09860411614418751 0.5203021613202168 8.55 -6.12 -0.87 9.95 -0.54 -0.02 -0.57 -0.61 1.37 -0.23 0.12 -0.03
1.6265327509664758 0.0 -5.421630984729841 -0.0903255328934307 0.6031379639885017 8.3 -6.34 -1.21 9.88 -0.68 -0.05 -0.64 -0.72 1.48 -0.24 0.1 -0.06
1.9186815295434059 0.0 -5.813831178041044 -0.08087728361105917 0.7311772766674665 8.09 -6.88 -1.35 9.88 -0.73 0.03 -0.52 -0.8 1.56 -0.2 0.09 -0.07
2.1995977178551698 0.0 -5.8235639383846936 -0.05727048594863504 0.8645201914037841 7.72 -6.94 -1.65 9.76 -0.81 -0.15 -0.43 -0.84 1.64 -0.16 0.05 -0.06
2.5669562501486496 0.0 -6.457255738055335 -0.07151180963401771 0.9041204844388062 7.46 -7.35 -2.07 9.76 -0.61 0.16 -0.42 -0.91 1.71 -0.15 0.06 -0.05
2.9396494609503208 0.0 -6.666354462633186 -0.059289738328402564 1.0115032217561577 7.17 -7.6 -2.21 9.87 -0.73 -0.01 -0.37 -0.98 1.77 -0.17 0.04 -0.03
3.3426819518221578 0.0 -6.884784702834194 -0.0412843300396446 1.1538723598839908 6.85 -7.84 -2.22 9.81 -0.79 -0.04 -0.34 -1.02 1.81 -0.13 0.0 0.01
3.808062965123753 0.0 -7.028162070607242 -0.0442944393575857 1.160655029267474 6.35 -8.06 -2.38 9.93 -0.65 -0.06 -0.32 -1.03 1.82 -0.27 0.11 0.07
4.332810801225165 0.0 -7.748592086090977 -0.08801881667426414 1.0405097950422828 5.98 -8.17 -2.79 10.04 -0.36 0.26 -0.27 -1.07 1.85 -0.26 0.14 0.05
4.823508675535642 0.0 -8.845884286017089 -0.07411828676993082 1.3208233385019241 5.71 -8.28 -2.84 10.02 -0.74 0.44 -0.32 -1.13 1.88 -0.4 0.14 0.02
5.320574893183178 0.0 -9.220599331685927 0.007212316325023949 1.8635686303456112 5.16 -8.66 -2.59 9.83 -1.27 0.09 -0.26 -1.11 1.85 -0.31 0.15 0.04
5.879677725107548 0.0 -10.188223231914373 0.008892031381932952 2.0472324324252327 4.8 -8.47 -2.77 9.76 -0.85 0.4 -0.16 -1.07 1.85 -0.22 0.11 0.06
6.434508658547841 0.0 -10.596039073079359 0.038201152979809194 2.2901191152617173 4.26 -8.38 -2.99 10.23 -0.98 0.16 -0.18 -1.08 1.76 -0.21 0.06 0.1
7.027144340310471 0.0 -11.678515486925109 0.05900325141733731 2.604046986523514 3.73 -8.35 -2.77 10.07 -0.95 0.46 -0.16 -1.06 1.64 -0.2 0.11 0.1
7.631977121060935 0.0 -12.012064026025028 0.09482596332796334 2.872330765490773 3.12 -8.28 -2.81 9.79 -1.0 0.15 -0.1 -0.98 1.5 -0.14 0.1 0.13
8.284021350808523 0.0 -12.78238774273439 0.1004485641937265 3.0371386877194766 2.68 -8.2 -3.16 9.79 -0.8 0.33 -0.09 -0.92 1.36 -0.04 0.05 0.15
8.992241249736466 0.0 -13.624447312723447 0.08652444887771082 3.092679282349252 2.55 -8.45 -3.16 10.02 -0.61 0.41 -0.16 -0.88 1.26 -0.14 0.06 0.15
9.684801796379439 0.0 -13.988914101246248 0.10523682495788478 3.262488559208208 2.26 -8.48 -2.96 9.89 -0.77 0.18 -0.11 -0.78 1.16 -0.15 0.11 0.16
10.430973753578293 0.0 -14.719301601930088 0.08930704317451443 3.2808703247392828 1.83 -8.39 -3.15 9.79 -0.53 0.33 -0.04 -0.64 1.1 -0.17 0.06 0.14
11.207880884792395 0.0 -15.589854078176922 0.08781643995121158 3.406746199084836 1.45 -8.53 -3.56 9.84 -0.59 0.42 -0.05 -0.59 1.03 -0.16 0.07 0.13
11.984568725801715 0.0 -16.604287095980936 0.10321451835153539 3.65635910907676 1.15 -8.55 -3.46 9.84 -0.72 0.52 -0.13 -0.59 0.98 -0.25 0.08 0.12
12.74522617137356 0.0 -16.83151047244 0.16769636203811444 4.087736856534576 0.7 -8.59 -3.32 9.72 -1.12 0.15 -0.14 -0.5 0.9 -0.2 0.05 0.09
13.5908670009227 0.0 -17.789727129995086 0.19470264571830853 4.400214230602359 0.23 -8.68 -3.86 9.84 -0.95 0.45 -0.13 -0.45 0.87 -0.08 0.01 0.08
14.493269058414555 0.0 -18.913029182884898 0.2042154571369963 4.624322634367189 -0.18 -8.82 -3.95 9.96 -0.79 0.6 -0.21 -0.48 0.85 -0.21 0.03 0.09
15.332643150557068 0.0 -19.328645122819957 0.283139319253948 5.178464665856183 -0.38 -8.84 -3.72 9.83 -1.28 0.3 -0.21 -0.48 0.8 -0.19 0.0 0.1
16.267282425620813 0.0 -20.095180497672427 0.314057423337303 5.482271738550139 -0.55 -9.17 -3.73 9.95 -1.02 0.42 -0.14 -0.45 0.79 -0.11 -0.01 0.07
17.20484893799371 0.0 -20.96825916969225 0.3428240740118156 5.786948197946231 -0.78 -9.03 -3.86 9.93 -0.95 0.5 -0.1 -0.47 0.79 -0.15 0.04 0.07
18.134313578027786 0.0 -21.82946306042598 0.39700879276155376 6.250649902867252 -1.13 -8.87 -3.94 10.0 -1.12 0.54 -0.15 -0.5 0.78 -0.18 0.05 0.06
19.08989949874239 0.0 -22.655538157754606 0.4660009056262453 6.8035368066204285 -1.41 -9.04 -3.86 10.04 -1.27 0.56 -0.16 -0.53 0.77 -0.21 0.07 0.05
20.07033643907687 0.0 -23.288481748493844 0.528191155208674 7.284437766732708 -1.57 -9.09 -4.0 9.95 -1.26 0.47 -0.11 -0.54 0.8 -0.14 0.06 0.05
21.02803495303789 0.0 -24.154226357064285 0.619369473523335 7.985200646789849 -1.93 -8.85 -3.9 10.11 -1.49 0.62 -0.13 -0.56 0.82 -0.17 0.08 0.06
22.011266530560853 0.0 -25.011467990823917 0.6912170275300156 8.561024372055613 -2.12 -8.78 -3.54 9.86 -1.37 0.65 -0.07 -0.54 0.81 -0.15 0.07 0.07
23.00748876195641 0.0 -25.893062961380977 0.7566030072565866 9.09882337756298 -2.41 -8.49 -3.56 9.8 -1.29 0.69 -0.06 -0.53 0.81 -0.16 0.1 0.07
24.02919327194647 0.0 -26.646554239512216 0.835523086670733 9.704389345312876 -2.71 -8.49 -3.75 9.87 -1.38 0.66 -0.09 -0.54 0.79 -0.14 0.1 0.09
25.069100724662924 0.0 -27.373415788485527 0.9107786325042326 10.282452965183722 -2.96 -8.41 -3.7 9.84 -1.36 0.65 -0.09 -0.57 0.78 -0.14 0.13 0.11
26.129647560264935 0.0 -27.994795440659555 0.982433791074385 10.821603198599405 -3.25 -8.33 -3.48 9.78 -1.33 0.59 -0.11 -0.57 0.76 -0.13 0.08 0.13
27.201981676838024 0.0 -28.344339385344497 1.0437540859955305 11.253219557772297 -3.34 -8.19 -3.56 9.8 -1.27 0.4 -0.07 -0.52 0.74 -0.12 0.06 0.14
28.28305834981095 0.0 -28.682462659041974 1.1351161975382382 11.873610502287477 -3.68 -8.1 -3.8 9.73 -1.48 0.39 -0.1 -0.49 0.73 -0.12 0.05 0.15
29.391477781838 0.0 -29.224607976653683 1.224543287458232 12.512499292278278 -3.81 -8.29 -3.75 10.0 -1.51 0.52 -0.09 -0.49 0.72 -0.11 0.06 0.13
30.462201370402276 0.0 -29.889001464994156 1.323201510911673 13.229065989519881 -3.79 -8.03 -3.55 9.96 -1.57 0.66 -0.12 -0.49 0.7 -0.09 0.09 0.1
31.560277186832487 0.0 -30.690084563476084 1.4085983373124833 13.884593190946248 -3.94 -8.0 -3.13 9.87 -1.45 0.79 -0.06 -0.47 0.63 -0.04 0.11 0.09
32.699733925256126 0.0 -31.285317335826992 1.4919455160187596 14.493159070108476 -4.17 -7.97 -3.54 9.96 -1.44 0.71 -0.02 -0.45 0.58 -0.02 0.16 0.07
33.864156025426645 0.0 -32.094894347167845 1.5726607927913108 15.121543475747046 -4.41 -7.93 -3.59 10.13 -1.38 0.86 -0.09 -0.52 0.57 -0.1 0.24 0.05
35.0185302166083 0.0 -32.76052297844979 1.6703311258909395 15.832420980318034 -4.57 -7.92 -3.28 9.85 -1.48 0.84 -0.09 -0.51 0.52 -0.08 0.25 0.01
36.218558161673414 0.0 -33.104648166884836 1.7493907893051812 16.370071970631244 -4.84 -7.81 -3.38 9.74 -1.41 0.59 0.01 -0.44 0.52 -0.05 0.18 -0.01
37.4139848063316 0.0 -33.57176294366797 1.8266544063492063 16.917637645175716 -5.1 -7.24 -3.41 9.74 -1.36 0.62 -0.04 -0.4 0.51 -0.09 0.16 -0.01
38.60330844274746 0.0 -34.06182856015806 1.9221397585472744 17.58235014650643 -5.22 -7.29 -2.97 9.68 -1.47 0.68 -0.1 -0.35 0.5 -0.12 0.08 0.02
39.78449172336035 0.0 -34.53310351074426 2.0331428648169236 18.338491193677612 -5.23 -7.3 -3.03 9.31 -1.58 0.72 -0.06 -0.3 0.44 -0.08 0.04 0.01
40.986128371805236 0.0 -35.16413451205055 2.135770019581585 19.072964586220905 -5.31 -7.25 -3.08 9.87 -1.57 0.87 -0.1 -0.27 0.41 -0.09 0.04 -0.01
42.196127353819136 0.0 -35.88333172104334 2.2526133313238006 19.91254889846485 -5.46 -7.15 -3.39 9.86 -1.64 1.03 -0.17 -0.29 0.37 -0.04 0.11 -0.03
43.42196501457067 0.0 -36.620661187032105 2.3448164962763087 20.60591376136506 -5.36 -7.51 -2.78 9.72 -1.44 1.05 -0.16 -0.34 0.36 -0.04 0.12 -0.03
44.62255178881539 0.0 -37.29698288986372 2.452451548403346 21.382021194115424 -5.39 -7.36 -2.27 9.75 -1.52 1.08 0.06 -0.22 0.3 -0.05 0.1 -0.01
45.8684426926028 0.0 -38.1779066220589 2.5492618697061857 22.136958898525762 -5.75 -6.65 -2.94 9.88 -1.39 1.25 -0.02 -0.15 0.23 -0.12 0.14 -0.04
47.105074276179984 0.0 -38.87361924862555 2.6859410730280615 23.09619009420524 -5.94 -6.87 -2.92 9.84 -1.69 1.28 -0.11 -0.18 0.17 -0.14 0.14 -0.04
48.31916993944262 0.0 -39.42052802245053 2.8067704583026085 23.925703072910608 -5.73 -6.97 -2.43 9.75 -1.67 1.15 -0.08 -0.14 0.11 -0.06 0.1 -0.04
49.59236221930868 0.0 -40.11108083559375 2.9024397714938317 24.6374875800488 -5.82 -7.17 -2.83 9.66 -1.43 1.18 -0.02 -0.06 0.07 -0.03 0.07 -0.05
50.881134123673704 0.0 -40.72420114194572 2.997860887879966 25.331010141413316 -5.98 -7.02 -3.03 9.59 -1.38 1.13 -0.07 -0.07 0.07 -0.07 0.07 -0.03
52.1488939199116 0.0 -41.37614459772621 3.1078047790569343 26.12253890234075 -5.96 -7.01 -3.11 9.51 -1.43 1.21 -0.08 -0.07 0.1 -0.08 0.06 -0.05
53.398005576181475 0.0 -41.916611456794506 3.2294211205463057 26.95676568810751 -5.91 -7.13 -2.88 9.72 -1.58 1.2 -0.05 -0.05 0.12 -0.08 0.02 -0.03
54.693049694793174 0.0 -42.56374799043347 3.332852927168261 27.711347970129566 -6.13 -6.94 -3.02 9.71 -1.43 1.25 -0.03 -0.03 0.13 -0.08 0.02 -0.04
55.95361638278485 0.0 -43.14002713321623 3.461385842341997 28.59716768167496 -6.15 -6.79 -2.84 9.62 -1.59 1.3 -0.05 -0.03 0.11 -0.08 -0.01 -0.02
57.205434742852184 0.0 -43.61373165851123 3.582560619311593 29.411167236080203 -6.04 -6.86 -2.74 9.81 -1.63 1.23 -0.03 0.0 0.07 -0.03 -0.04 -0.02
58.48502575439342 0.0 -44.30059871689391 3.695683228915911 30.24020000417275 -6.16 -6.8 -3.01 9.71 -1.47 1.39 -0.06 0.0 0.04 -0.06 -0.01 -0.03
59.74003597640757 0.0 -44.79712059010122 3.8160431166722475 31.05695576017304 -6.06 -7.09 -2.83 9.69 -1.56 1.3 -0.08 -0.03 0.03 -0.03 0.0 -0.03
60.99886828459299 0.0 -45.31332157076408 3.920797499587678 31.78996562177636 -6.0 -6.89 -2.77 9.63 -1.44 1.26 -0.03 -0.01 0.01 -0.03 -0.01 -0.02
62.26689445636022 0.0 -45.76268842120184 4.043378332444391 32.605240812025045 -6.19 -6.98 -2.91 9.83 -1.59 1.28 0.0 0.01 -0.01 -0.03 0.0 -0.01
63.53185608674258 0.0 -46.29331695277735 4.155954013726571 33.390193114052096 -6.18 -6.68 -3.04 9.6 -1.47 1.32 -0.05 -0.02 -0.03 -0.03 0.01 -0.02
64.79082814543713 0.0 -46.72716597384676 4.26503174767754 34.12355395002713 -6.15 -7.15 -2.92 9.68 -1.48 1.25 -0.09 -0.03 -0.02 -0.01 0.0 -0.01
66.06543948943819 0.0 -47.1217214619815 4.361600294980519 34.77275488784585 -6.21 -7.11 -2.83 9.81 -1.42 1.17 -0.01 -0.01 -0.01 -0.0 -0.01 0.0
67.3144843550651 0.0 -47.59386803815514 4.476168116576602 35.551892118034516 -6.21 -6.79 -3.03 9.75 -1.47 1.3 -0.01 0.01 -0.01 -0.03 -0.02 -0.02
68.54262534375854 0.0 -48.008949482322116 4.606379247451585 36.39744676396164 -6.24 -7.0 -3.09 9.71 -1.61 1.35 -0.07 -0.01 -0.01 -0.03 -0.02 -0.01
69.77815321252251 0.0 -48.40248662539995 4.694282524756304 36.99969781138341 -6.04 -7.04 -2.75 9.68 -1.36 1.19 -0.05 -0.02 -0.0 -0.01 -0.03 -0.0
70.99552555588504 0.0 -48.80065464813288 4.798313953386497 37.69382163775117 -6.03 -6.98 -2.74 9.84 -1.43 1.25 0.01 0.01 -0.0 -0.04 -0.03 0.01
72.21393520400063 0.0 -49.24444657272833 4.920759945913176 38.508108062042226 -6.24 -6.92 -3.12 9.81 -1.52 1.39 -0.01 0.01 -0.02 -0.05 0.02 -0.01
73.41311312865275 0.0 -49.58795106291779 5.036120085719347 39.24134840027317 -6.15 -6.95 -2.88 9.78 -1.55 1.31 -0.06 -0.02 -0.02 -0.03 0.01 -0.01
74.62408522095875 0.0 -49.84661998231333 5.127589920440343 39.80761118313079 -6.13 -7.04 -2.78 9.75 -1.45 1.12 0.0 0.0 -0.03 0.01 -0.01 -0.0
75.81896391570096 0.0 -50.22958902722712 5.226303571485303 40.46796320704955 -6.17 -7.01 -3.13 9.87 -1.41 1.25 -0.01 -0.01 -0.03 -0.02 0.01 0.0
76.99273751709148 0.0 -50.557861894399245 5.327448106792332 41.11680126774216 -6.12 -7.09 -3.04 9.79 -1.43 1.23 -0.04 -0.03 -0.01 -0.02 0.0 -0.0
78.1679479403163 0.0 -50.91174066124417 5.420009188796357 41.73241335878086 -6.08 -6.97 -2.82 9.75 -1.35 1.23 -0.03 -0.02 0.0 -0.04 -0.01 -0.0
79.33476949486746 0.0 -51.17793846484583 5.520719241509795 42.348829915397175 -6.16 -6.87 -2.94 9.78 -1.45 1.19 -0.02 -0.02 0.01 -0.04 -0.0 0.0
80.48073732899448 0.0 -51.498988177059076 5.626802203437592 43.01955270578149 -6.17 -6.92 -2.93 9.73 -1.46 1.27 -0.03 -0.01 -0.0 -0.04 -0.02 -0.01
81.6139194339001 0.0 -51.82585586650547 5.71774814179787 43.614668103595335 -6.08 -6.99 -2.91 9.72 -1.36 1.24 -0.03 -0.01 0.01 -0.03 -0.01 -0.01
82.71538667239597 0.0 -52.136234211551226 5.828725213285864 44.30468599857522 -6.06 -6.95 -2.95 9.79 -1.49 1.33 -0.01 0.01 -0.01 -0.03 0.0 -0.0
83.83557951002514 0.0 -52.46799264025135 5.921140174870729 44.91092387403316 -6.17 -6.94 -3.06 9.76 -1.37 1.3 -0.05 -0.01 -0.01 -0.03 0.0 -0.02
84.9364508449878 0.0 -52.732311712793454 6.017990190234002 45.50312354496056 -6.14 -6.91 -2.92 9.79 -1.43 1.26 -0.05 -0.01 -0.01 -0.02 -0.01 -0.01
86.01676151353249 0.0 -53.000048262309605 6.114552385876664 46.095165617968675 -6.12 -6.96 -2.94 9.76 -1.43 1.26 -0.03 -0.0 -0.01 -0.01 -0.01 -0.02
87.0871682317437 0.0 -53.303288582533725 6.210899337388852 46.70622337747746 -6.11 -6.86 -2.96 9.67 -1.39 1.3 -0.05 -0.01 -0.02 -0.03 -0.0 -0.01
88.14541285941311 0.0 -53.49452070234595 6.296816640350897 47.19941569048872 -6.06 -6.99 -2.81 9.77 -1.42 1.16 -0.03 -0.01 -0.02 -0.02 -0.01 -0.01
89.19171507608195 0.0 -53.77146813178944 6.39357526446328 47.79659322700009 -6.15 -6.92 -2.91 9.74 -1.42 1.28 -0.02 0.01 -0.02 -0.03 -0.02 -0.02
90.23059036128062 0.0 -54.001277660929404 6.484920645955242 48.3379519215152 -6.22 -6.94 -2.99 9.77 -1.43 1.24 -0.03 0.01 -0.0 -0.04 -0.01 -0.01
91.24720003370204 0.0 -54.198352636964245 6.579846249904605 48.87516795283058 -6.22 -6.99 -2.96 9.81 -1.49 1.23 -0.04 -0.0 -0.01 -0.04 -0.0 -0.01
92.25312842799599 0.0 -54.39025401930648 6.666491940275904 49.36772053198416 -6.2 -7.0 -2.97 9.9 -1.47 1.2 -0.02 -0.0 -0.01 -0.02 -0.01 -0.0
93.26269173790061 0.0 -54.5784230099512 6.748157556395796 49.83302912592657 -6.25 -6.89 -2.97 9.71 -1.41 1.15 -0.02 -0.01 -0.02 -0.02 -0.01 -0.0
94.24103082833315 0.0 -54.802219163546525 6.841387507035506 50.37605887945499 -6.21 -6.82 -2.98 9.81 -1.46 1.26 -0.02 -0.01 -0.02 -0.01 -0.01 -0.0
95.20952316759244 0.0 -54.98877928124305 6.929758788108273 50.87007502980806 -6.21 -6.89 -2.86 9.74 -1.46 1.22 -0.03 -0.01 -0.03 -0.02 -0.01 0.0
96.1532151343097 0.0 -55.20164676428932 7.0141625247168236 51.36268307981062 -6.18 -6.95 -2.96 9.83 -1.43 1.25 -0.01 0.0 -0.04 -0.0 0.0 -0.01
97.09793283748508 0.0 -55.29993484288838 7.1078599564355756 51.816893097420504 -6.34 -6.87 -3.0 9.78 -1.58 1.17 -0.03 -0.01 -0.04 -0.01 -0.0 -0.01
98.03139866509605 0.0 -55.48549069284609 7.184054505297837 52.250569668692734 -6.28 -6.99 -2.85 9.79 -1.43 1.18 -0.02 -0.01 -0.03 -0.0 -0.01 0.0
98.94611385540746 0.0 -55.625353602458304 7.25923345278035 52.64598582744138 -6.22 -6.96 -2.85 9.8 -1.44 1.13 0.01 0.0 -0.03 -0.02 -0.01 0.01
99.81703542721262 0.0 -55.80718433487485 7.34261792037897 53.1083864285029 -6.22 -7.04 -3.13 9.73 -1.44 1.21 -0.04 -0.01 -0.01 -0.05 -0.01 0.01
100.6824969171252 0.0 -55.948845561483964 7.425802102923953 53.538891653524814 -6.17 -7.09 -2.89 9.72 -1.48 1.19 -0.05 -0.03 0.01 -0.03 -0.01 0.02
101.55238099647488 0.0 -56.130705241249494 7.4952990524183605 53.937726541129265 -6.08 -6.92 -2.84 9.8 -1.38 1.19 0.01 -0.01 0.02 -0.02 -0.02 0.02
102.4059944920057 0.0 -56.2920631155637 7.56915498481095 54.33994724506495 -6.17 -6.91 -2.94 9.84 -1.41 1.2 -0.0 0.0 0.01 -0.05 -0.01 0.01
103.22062483783114 0.0 -56.47923700909916 7.6644336287317 54.85579580172758 -6.17 -6.88 -2.99 9.82 -1.52 1.35 -0.02 -0.0 -0.02 -0.04 0.01 -0.01
104.03486441490517 0.0 -56.65135952967219 7.73226298339911 55.23878547992477 -6.04 -6.95 -2.87 9.8 -1.39 1.24 -0.05 -0.01 -0.04 -0.01 0.0 -0.02
104.83487166794625 0.0 -56.82021604337831 7.807414792954901 55.65077763581894 -6.13 -6.96 -2.93 9.76 -1.41 1.26 0.0 0.01 -0.05 -0.0 0.01 -0.03
105.61570277912374 0.0 -57.011270143737775 7.881717657434123 56.07676029674663 -6.17 -6.98 -3.04 9.79 -1.39 1.3 -0.02 0.01 -0.06 -0.02 0.02 -0.03
106.39042749754638 0.0 -57.17523356681716 7.950452487698769 56.45639665208107 -6.18 -7.03 -2.95 9.73 -1.37 1.25 -0.05 -0.01 -0.04 -0.02 0.03 -0.03
107.15456059414718 0.0 -57.29459390872729 8.029296004930814 56.84137135684898 -6.12 -6.89 -2.81 9.67 -1.47 1.24 -0.02 -0.0 -0.03 -0.02 -0.0 -0.02
107.90422712717968 0.0 -57.43734839940563 8.105114148262203 57.232098025921815 -6.21 -6.86 -2.97 9.81 -1.48 1.28 -0.01 0.01 -0.05 0.0 -0.01 -0.02
108.64350544420226 0.0 -57.55563613278148 8.17196795378537 57.56349671148985 -6.18 -6.88 -2.95 9.83 -1.46 1.22 -0.06 -0.01 -0.07 0.0 0.0 -0.0
109.36447423367935 0.0 -57.64870264469811 8.225568800055413 57.81727058846012 -6.12 -7.05 -2.9 9.81 -1.4 1.11 -0.05 -0.02 -0.06 0.02 -0.0 -0.01
110.09529309746024 0.0 -57.782370223245934 8.266374252350928 58.05311777276458 -6.02 -6.93 -2.82 9.72 -1.25 1.06 0.01 0.01 -0.06 0.0 -0.0 -0.02
110.80115152840442 0.0 -57.960044408755515 8.331207134752077 58.4274218783039 -6.0 -6.75 -2.83 9.68 -1.31 1.23 0.01 0.05 -0.08 -0.04 -0.01 -0.04
111.49238419345745 0.0 -58.02224301594448 8.398623908024263 58.70963829852414 -5.83 -6.68 -2.61 9.77 -1.48 1.16 0.02 0.09 -0.14 -0.01 -0.04 -0.05
112.18256548098866 0.0 -58.19819794345338 8.464379600126406 59.08618701059157 -5.69 -6.56 -2.39 9.58 -1.36 1.27 0.06 0.17 -0.25 0.02 -0.11 -0.07
112.89809475144685 0.0 -58.42886261970026 8.516764354019216 59.458596859316145 -5.37 -6.29 -1.91 9.55 -1.2 1.31 0.15 0.29 -0.41 0.06 -0.21 -0.07
113.61510793437307 0.0 -58.53303014760524 8.58977184146545 59.79970883756947 -5.16 -5.84 -1.62 9.43 -1.41 1.27 0.25 0.52 -0.71 0.05 -0.33 -0.08
114.28488054377722 0.0 -58.65816555347588 8.649923321684767 60.108095450087774 -4.75 -5.58 -1.99 9.79 -1.42 1.29 0.13 0.69 -1.01 0.1 -0.43 -0.06
114.84540486086507 0.0 -58.72242163922634 8.686849706234597 60.26721813100019 -4.41 -6.37 -2.33 9.73 -1.34 1.08 0.05 0.79 -1.3 0.22 -0.47 -0.03
115.34735811184953 0.0 -58.51931690878614 8.740478910372502 60.24306323666359 -4.05 -6.68 -2.41 9.5 -1.7 0.74 0.14 0.9 -1.56 0.35 -0.5 0.01
115.78433152205064 0.0 -58.809748359177874 8.738098284233402 60.46083847933717 -3.38 -7.1 -3.01 9.73 -0.93 1.04 0.25 0.99 -1.71 0.5 -0.54 -0.11
116.27104087356942 0.0 -58.78255490301862 8.67334383114293 60.131712733772176 -3.32 -7.29 -3.28 9.62 -0.71 0.33 0.07 1.05 -1.82 0.32 -0.5 -0.07
116.59792374094856 0.0 -58.02696740592541 8.669883773161743 59.375901991735134 -2.65 -8.11 -2.92 10.25 -1.93 -0.37 0.12 1.15 -1.95 0.29 -0.4 0.05
116.72582867958425 0.0 -58.64327925756744 8.654790999527222 59.84377668270359 -1.78 -8.8 -4.37 9.43 -0.44 1.02 0.19 1.16 -1.86 0.38 -0.33 -0.16
116.95542205259203 0.0 -58.422954099786814 8.598208153905276 59.372330300828295 -1.75 -9.04 -3.93 9.45 -0.85 0.05 -0.06 1.04 -1.82 0.04 -0.42 -0.15
117.16337626649506 0.0 -57.63213464845415 8.58501082856084 58.56278705113208 -0.95 -9.26 -2.44 10.85 -2.03 -0.44 0.19 1.21 -1.88 0.2 -0.31 -0.09
117.19895488595324 0.0 -57.76658836337808 8.549781006000899 58.50710642250867 -0.54 -9.38 -4.5 9.92 -0.97 0.32 0.46 1.26 -1.79 0.65 -0.24 -0.26
117.31996403882991 0.0 -58.369486990083296 8.452948958219935 58.61807911900563 -0.86 -9.2 -5.26 9.72 0.14 0.77 -0.05 0.96 -1.71 0.18 -0.22 -0.29
117.38173000191426 0.0 -57.940622092791635 8.398868746558662 57.97867467516889 0.56 -9.92 -2.94 10.31 -1.05 -0.09 -0.25 0.85 -1.61 -0.06 -0.21 -0.14
117.45480724182637 0.0 -56.9882003371099 8.373067849443842 57.00848599501164 0.58 -9.96 -2.18 10.54 -2.04 -0.8 0.34 1.18 -1.66 0.28 -0.17 -0.11
117.47415884416219 0.0 -57.231483738254475 8.332395640353738 57.02250850347539 0.94 -8.66 -4.39 9.39 -0.77 0.3 0.5 1.13 -1.65 0.58 -0.32 -0.2
117.52494562260621 0.0 -57.59894726628345 8.2401240634468 56.92592296674546 1.08 -8.98 -4.03 10.41 -0.27 0.61 -0.12 0.86 -1.7 0.13 -0.21 -0.07
117.53437695180338 0.0 -56.7988097211798 8.163958283133667 55.901786816330315 2.45 -9.56 -1.95 10.35 -1.38 -0.71 -0.07 0.96 -1.7 -0.07 -0.14 0.05
117.41721913013552 0.0 -55.7630963170028 8.182408111731974 55.09097740647614 2.37 -9.55 -2.44 9.23 -2.27 -1.01 0.4 1.2 -1.72 0.29 -0.18 0.01
117.34696814353914 0.0 -56.232621463321934 8.102924328752849 55.12719552146946 2.99 -8.31 -4.31 10.0 -0.56 0.47 0.24 1.03 -1.73 0.43 -0.21 -0.05
117.26692938398703 0.0 -56.52609199539742 7.9361787923941876 54.63918472883245 3.68 -9.33 -3.52 10.43 0.15 0.19 -0.13 0.84 -1.68 0.01 -0.09 0.08
117.06068791067811 0.0 -55.70031583051889 7.864675668403294 53.65444123423693 4.43 -9.98 -2.39 9.67 -1.17 -0.87 0.02 0.9 -1.58 -0.11 0.01 0.02
116.94705029681054 0.0 -55.008907051409246 7.814999914892866 52.88401039220446 4.4 -8.85 -2.38 9.91 -1.51 -0.81 0.35 1.04 -1.53 0.21 -0.07 0.0
116.9026487013002 0.0 -54.86890953288786 7.740471371750118 52.442148923850056 4.32 -7.64 -3.0 9.91 -0.96 -0.26 0.26 1.11 -1.61 0.09 -0.15 0.1
116.70426329955274 0.0 -54.70675656308431 7.674774043966565 52.02136362408544 5.24 -7.82 -3.3 9.78 -0.91 -0.12 -0.14 0.94 -1.69 -0.01 -0.14 0.12
116.45093389354797 0.0 -54.470347013221115 7.572494327183719 51.388575365908494 5.97 -8.83 -2.45 10.12 -0.76 -0.27 -0.16 0.89 -1.58 -0.07 -0.06 0.09
116.20166741076252 0.0 -53.71785906595576 7.531373197112515 50.64349129620652 6.09 -8.57 -1.87 9.84 -1.53 -0.7 0.21 1.01 -1.55 -0.04 -0.02 0.08
115.99299565388847 0.0 -52.99211156275379 7.48533291949056 49.9085592846278 6.42 -7.35 -2.41 9.3 -1.57 -0.86 0.28 1.04 -1.56 0.24 -0.14 0.09
115.81833811284295 0.0 -53.2822674774944 7.364993753992252 49.587831667457976 7.02 -6.77 -2.7 10.32 -0.41 0.18 -0.13 0.87 -1.54 0.13 -0.14 0.1
115.54488697056235 0.0 -53.126883080021855 7.19830178501374 48.738512739863964 7.52 -8.19 -1.98 10.12 -0.13 -0.39 -0.19 0.83 -1.4 -0.07 -0.05 0.04
115.23758487678556 0.0 -52.31705910582774 7.149014312018153 47.95977744143434 7.55 -7.72 -1.53 9.95 -1.31 -0.78 0.16 0.82 -1.27 -0.15 -0.05 0.02
114.96992900708084 0.0 -51.80424456032932 7.097780516974339 47.382765174199335 7.69 -6.78 -1.74 9.83 -1.3 -0.54 0.24 0.79 -1.23 -0.03 -0.05 0.03
114.77880168894738 0.0 -51.58351909607686 6.996612935906384 46.78588207918486 7.9 -5.98 -1.67 9.95 -0.8 -0.33 -0.06 0.69 -1.19 0.06 -0.1 0.02
114.4969625911427 0.0 -51.144658367369374 6.889992649696737 46.02404970873306 7.98 -6.76 -1.36 9.93 -0.81 -0.56 -0.17 0.68 -1.12 -0.02 -0.09 0.03
114.20016785792218 0.0 -50.447356907124394 6.827146792511272 45.29746324566828 8.01 -6.55 -1.05 9.86 -1.27 -0.74 0.14 0.68 -1.06 -0.06 -0.09 0.02
113.91405451483978 0.0 -49.67557740732932 6.788166090355858 44.63803683722233 8.28 -5.76 -0.93 9.82 -1.59 -0.79 0.22 0.68 -1.06 0.02 -0.1 0.08
113.6861955227226 0.0 -49.358705102045136 6.697923863005599 44.04466815297717 8.5 -5.1 -0.99 9.87 -1.0 -0.44 0.06 0.62 -1.06 0.09 -0.07 0.05
113.4449290833366 0.0 -49.09120734406383 6.55064413312536 43.229794822863724 8.56 -5.65 -0.74 10.03 -0.45 -0.5 -0.18 0.55 -0.93 -0.05 -0.01 -0.03
113.09824489174518 0.0 -48.49472908238778 6.477223111204765 42.548962285768795 8.61 -6.04 -0.43 9.84 -0.99 -0.62 0.12 0.52 -0.8 -0.1 -0.03 -0.03
112.76111821383124 0.0 -47.84480238169133 6.4470189235084945 42.03498317736984 8.73 -5.29 -0.35 9.95 -1.45 -0.53 0.34 0.47 -0.72 -0.02 -0.01 -0.01
112.51362892394577 0.0 -47.22433630264177 6.376262174346152 41.36491210385604 8.8 -4.4 -0.25 9.96 -1.27 -0.63 0.31 0.41 -0.7 0.04 -0.05 -0.02
112.25679276926887 0.0 -46.77009672516356 6.256520059755488 40.579963645363335 9.1 -4.46 -0.03 9.96 -0.78 -0.62 0.11 0.39 -0.67 0.04 0.0 -0.08
111.95282869092355 0.0 -46.15354299665867 6.147299056047331 39.755088878699596 8.9 -4.89 -0.01 9.86 -0.8 -0.78 0.22 0.38 -0.62 -0.02 -0.03 -0.09
111.62915919015127 0.0 -45.73563898480927 6.069366379988239 39.184631938146794 8.78 -4.77 0.02 10.02 -0.9 -0.44 0.43 0.29 -0.52 -0.08 -0.03 -0.13
111.26247010900309 0.0 -45.17235665242328 6.029833535282307 38.70949371279161 8.83 -4.72 0.34 9.77 -1.24 -0.42 0.61 0.22 -0.44 -0.16 0.02 -0.14
110.88446790987553 0.0 -44.47320652313137 5.977644092076758 38.10906454730247 8.9 -4.76 0.48 9.91 -1.34 -0.59 0.78 0.16 -0.38 -0.12 -0.02 -0.08
110.53351575483173 0.0 -43.64049734990488 5.919619556534727 37.4175926151953 9.06 -4.19 0.52 9.78 -1.38 -0.82 0.8 0.19 -0.34 0.04 -0.07 -0.06
110.24429574965349 0.0 -43.076421439788035 5.84462971001804 36.80098461159065 8.81 -3.59 0.43 9.86 -1.13 -0.6 0.42 0.13 -0.36 0.04 -0.06 0.01
109.886173778328 0.0 -42.40295209487065 5.781326867195332 36.18315423897698 8.88 -3.84 0.56 9.86 -1.2 -0.65 0.11 0.1 -0.39 -0.07 -0.02 0.05
109.45578689296688 0.0 -41.38192442696906 5.740797012065272 35.489333338441114 9.04 -4.15 0.7 9.66 -1.5 -1.02 0.14 0.11 -0.45 -0.16 -0.02 0.13
109.03499036912874 0.0 -40.58650598274433 5.681335770910465 34.83680192372516 9.18 -4.08 0.8 9.65 -1.31 -0.89 0.34 0.13 -0.5 -0.02 -0.03 0.15
108.67556167731705 0.0 -39.99010189925143 5.605774571499566 34.22285947000624 9.18 -3.39 0.8 9.84 -1.08 -0.66 0.41 0.15 -0.48 0.03 -0.06 0.12
108.32936678258169 0.0 -39.314935522937766 5.525296006625652 33.552626456215265 9.19 -2.92 0.79 9.85 -0.99 -0.7 0.24 0.14 -0.43 0.01 -0.05 0.07
107.96266515499944 0.0 -38.59769343569975 5.419713789477342 32.75936575695562 9.43 -2.93 0.94 9.88 -0.76 -0.8 0.01 0.13 -0.37 0.04 -0.03 0.07
107.54518241625658 0.0 -37.95261566528466 5.317064122813264 32.019984911267684 9.62 -3.17 1.06 10.23 -0.72 -0.7 -0.08 0.1 -0.3 0.01 -0.03 0.03
107.1072786504775 0.0 -37.21225958431734 5.255088140944508 31.4138710159787 9.46 -3.07 1.18 10.04 -0.99 -0.7 -0.06 0.09 -0.23 -0.16 -0.02 -0.01
106.66411768352508 0.0 -36.54248332018393 5.203976554929213 30.892286796226628 9.34 -2.94 1.31 9.8 -1.07 -0.59 -0.09 0.09 -0.19 -0.12 -0.01 -0.02
106.16627020536184 0.0 -35.7859175910121 5.155459346363088 30.343440431319365 9.32 -3.3 1.31 9.84 -1.16 -0.65 -0.14 0.07 -0.13 -0.07 0.04 -0.03
105.63773200103243 0.0 -35.088253039785414 5.101358783301308 29.80251622534415 9.55 -3.36 1.37 10.0 -1.14 -0.59 -0.08 0.07 -0.1 -0.08 0.04 0.01
105.1448349300994 0.0 -34.43263342932401 5.025651444180923 29.193940648832964 9.47 -3.16 1.36 10.14 -0.96 -0.56 -0.08 0.09 -0.05 -0.07 0.02 0.03
104.62123690802169 0.0 -33.87563073575592 4.972948103528964 28.73187939729732 9.41 -3.07 1.37 10.0 -1.03 -0.39 -0.1 0.08 -0.03 -0.12 0.05 0.04
104.10189327887223 0.0 -33.193046795137846 4.92653455192 28.239800263503327 9.34 -2.8 1.47 9.89 -1.1 -0.48 -0.11 0.07 -0.01 -0.16 0.05 0.03
103.56887026813492 0.0 -32.365239635855794 4.868578961528499 27.63464265697965 9.3 -2.84 1.46 9.85 -1.05 -0.68 -0.12 0.07 0.0 -0.22 0.09 0.03
102.95200518645233 0.0 -31.6019514737246 4.855324215730221 27.247528320304667 9.41 -2.93 1.39 9.76 -1.36 -0.59 -0.08 0.09 -0.0 -0.12 0.09 0.01
102.36336440103852 0.0 -30.751933037328556 4.797970251882589 26.639926258260545 9.44 -2.89 1.27 9.95 -1.12 -0.74 -0.02 0.1 0.01 0.03 0.07 -0.03
101.79093860914001 0.0 -30.082090288684892 4.7385879438890015 26.110915214644848 9.28 -2.72 1.26 9.73 -0.97 -0.57 0.04 0.11 0.0 -0.01 0.11 -0.02
101.17310257755199 0.0 -29.300654260457375 4.71006975494717 25.65848035730562 9.23 -2.65 1.21 9.83 -1.2 -0.62 0.01 0.11 -0.02 -0.1 0.14 -0.05
100.53506706463277 0.0 -28.691427789832893 4.67316506070523 25.2528788132702 9.26 -2.72 1.21 9.56 -1.1 -0.44 -0.03 0.1 -0.04 -0.04 0.11 -0.08
99.88384268034808 0.0 -27.94368485469596 4.62854567085553 24.754021953858484 9.22 -2.82 1.12 9.54 -1.04 -0.56 -0.04 0.09 -0.06 -0.0 0.08 -0.06
99.22318759031688 0.0 -27.082858071759016 4.5908987223194515 24.23310560248339 9.17 -2.7 1.06 9.67 -1.1 -0.7 0.01 0.07 -0.07 -0.03 0.05 -0.03
98.55895512300181 0.0 -26.40838645821628 4.5475721393952 23.777174433407254 9.15 -2.58 1.03 9.63 -1.02 -0.53 -0.03 0.06 -0.09 -0.05 0.01 -0.05
97.83737775199276 0.0 -25.501592105318903 4.516076257749461 23.26283244414026 9.29 -2.74 1.03 9.78 -1.13 -0.75 -0.07 0.02 -0.12 -0.13 0.02 -0.07
97.08684664363368 0.0 -24.714112399165415 4.491617716019931 22.8318792600424 9.4 -2.75 1.08 9.7 -1.17 -0.66 -0.06 0.02 -0.16 -0.09 -0.01 -0.04
96.3432821452932 0.0 -23.877506224310583 4.445946577462806 22.297069267624153 9.48 -2.66 1.12 9.89 -1.03 -0.71 -0.13 0.03 -0.15 -0.04 -0.06 -0.04
95.54832646769725 0.0 -23.000018362160315 4.407380486506952 21.772834571938233 9.65 -2.84 1.19 10.07 -1.06 -0.76 -0.15 0.01 -0.16 -0.07 -0.06 -0.04
94.73062836778097 0.0 -22.433027021458248 4.39098999914691 21.477567257598224 9.5 -2.98 1.24 9.83 -1.18 -0.42 -0.03 -0.0 -0.18 -0.01 -0.1 -0.03
93.964161592851 0.0 -21.739420825012022 4.328272811012354 20.948508555787356 9.51 -2.65 1.37 9.96 -0.85 -0.48 -0.01 -0.02 -0.14 0.06 -0.12 -0.04
93.17679552488873 0.0 -20.812409694792713 4.268301598589275 20.325555438945003 9.5 -2.61 1.42 10.13 -0.8 -0.73 -0.09 -0.04 -0.09 -0.05 -0.05 -0.06
92.25685611257383 0.0 -20.058646288199075 4.277650326539529 20.044158695434504 9.68 -3.0 1.4 9.92 -1.29 -0.61 -0.02 -0.05 -0.11 -0.06 -0.04 -0.04
91.37558188676346 0.0 -19.281242726509735 4.263658555643559 19.6632573968036 9.58 -2.82 1.38 9.97 -1.22 -0.62 0.06 -0.04 -0.08 0.08 -0.06 -0.06
90.50830807252551 0.0 -18.356138245971497 4.237316507435182 19.168285993136323 9.46 -2.71 1.45 10.0 -1.11 -0.78 0.04 -0.03 -0.07 0.04 -0.02 -0.08
89.59730463904317 0.0 -17.625984909189484 4.221139237626971 18.801145659163637 9.5 -2.8 1.36 9.82 -1.14 -0.61 0.03 -0.02 -0.08 0.07 -0.0 -0.06
88.69730224867068 0.0 -16.85535432327432 4.171902101767287 18.295930092845254 9.57 -2.81 1.44 9.95 -0.88 -0.6 0.07 -0.01 -0.06 0.07 -0.03 -0.04
87.82802740692108 0.0 -16.14194375298509 4.110087577990271 17.773874266580606 9.39 -2.59 1.42 9.87 -0.69 -0.51 0.02 -0.0 -0.04 0.04 -0.03 -0.03
86.90691078089519 0.0 -15.381124675577746 4.0948528477759965 17.398533981587065 9.18 -2.74 1.45 9.71 -0.97 -0.57 -0.04 -0.01 -0.0 -0.08 0.02 -0.04
85.86533910141672 0.0 -14.571479107318124 4.138051890236852 17.2055971095416 9.48 -2.84 1.44 9.84 -1.51 -0.7 0.06 -0.02 0.01 -0.01 0.04 -0.06
84.8349606325658 0.0 -13.779622938506192 4.125220452080484 16.82060767940098 9.83 -2.76 1.43 10.03 -1.22 -0.67 0.07 -0.0 -0.01 0.12 0.01 -0.05
83.84482191078682 0.0 -13.045467284642408 4.087222997147734 16.375591650423758 9.65 -2.83 1.42 10.14 -0.98 -0.58 0.04 0.01 -0.02 0.11 -0.0 -0.03
82.8418902158954 0.0 -12.282102971825463 4.071453532358163 15.99397916099835 9.45 -2.79 1.46 9.87 -1.03 -0.61 0.06 0.02 -0.04 0.0 0.02 0.0
81.81815619901158 0.0 -11.592109057746663 4.056913108890697 15.650895946129964 9.48 -2.63 1.43 9.89 -1.05 -0.54 0.08 0.01 -0.03 0.03 0.03 0.01
80.76720410058556 0.0 -10.893429978075178 4.032390897186218 15.269775466201082 9.62 -2.72 1.41 9.94 -0.97 -0.52 0.04 0.01 -0.01 0.1 0.02 0.01
79.74098832090912 0.0 -10.09340711808962 3.9785250813044684 14.742754446133233 9.61 -2.63 1.45 10.02 -0.69 -0.57 0.05 0.01 0.01 0.11 -0.02 0.03
78.72419530257736 0.0 -9.319607015831698 3.928764499806789 14.24371964979801 9.44 -2.44 1.5 9.89 -0.62 -0.55 0.03 0.01 0.04 -0.01 0.02 0.04
77.64080087597735 0.0 -8.658074297586458 3.9230099890765047 13.944818346939627 9.43 -2.55 1.5 9.83 -0.95 -0.51 -0.03 0.01 0.05 -0.04 0.06 0.04
76.53127499518169 0.0 -8.07280458951103 3.92429329075685 13.704267816381474 9.44 -2.7 1.54 9.84 -1.1 -0.44 0.01 0.02 0.06 0.02 0.04 0.02
75.44861109015375 0.0 -7.254424814228979 3.889073233669663 13.232892671490418 9.48 -2.42 1.52 9.88 -0.8 -0.59 0.06 0.04 0.05 0.06 0.02 0.04
74.38982653947863 0.0 -6.41374738753807 3.8253155529065594 12.659765809627402 9.43 -2.35 1.57 9.89 -0.49 -0.58 -0.02 0.05 0.06 -0.01 0.04 0.07
73.27997299894007 0.0 -5.66205412605977 3.7985652537709598 12.249843172906765 9.41 -2.45 1.5 9.8 -0.69 -0.57 -0.07 0.04 0.08 -0.14 0.09 0.06
72.08204806606506 0.0 -5.055386160163438 3.835883194391542 12.112366325920846 9.5 -2.46 1.39 9.78 -1.26 -0.58 -0.04 0.04 0.06 -0.14 0.07 0.05
70.90678242596229 0.0 -4.450609080100987 3.831227242745797 11.840363474257202 9.58 -2.54 1.44 9.86 -1.09 -0.49 -0.02 0.06 0.02 0.02 0.03 0.03
