0.0 0.0 0.0 0.0 0.0 9.24 -3.28 1.69 9.77 -1.82 -0.38 -0.05 -0.0 -0.01 -0.05 0.0 -0.01
0.026389243004402374 0.06702463839823025 0.06853013341525419 -0.014426255399712318 -0.06849516769378283 9.13 -3.29 1.75 9.75 -1.71 -0.44 -0.03 0.0 -0.02 -0.01 -0.0 -0.02
0.0469683326588779 0.19673788356785593 0.195594478449183 -0.036160275948319054 -0.18621901003811558 9.23 -3.26 1.75 9.86 -1.64 -0.52 -0.02 0.01 -0.01 -0.02 0.0 -0.01
0.03094165993751119 0.17290878894804962 0.20575542536315583 -0.026197563206437735 -0.17339331165450744 9.33 -3.31 1.64 9.87 -1.84 -0.45 -0.01 0.02 -0.03 -0.08 0.02 -0.01
0.027543276303191533 0.16238172605955015 0.16354159090163656 -0.026185465711961342 -0.14810211561531617 9.17 -3.21 1.7 9.84 -1.83 -0.36 -0.04 0.02 -0.04 -0.05 -0.0 -0.0
0.05467526839935033 0.196320810602451 0.1903412313814415 -0.043288234682364646 -0.1972605149252331 9.21 -3.33 1.7 9.78 -1.7 -0.39 -0.06 0.02 -0.04 -0.02 -0.01 -0.01
0.08028659347297662 0.24622449681386627 0.26104250327788026 -0.05875112279268535 -0.27003306482257017 9.09 -3.33 1.65 9.84 -1.68 -0.45 -0.02 0.01 -0.02 -0.04 -0.0 -0.01
0.0928857371540488 0.279829528925184 0.27067618300009744 -0.07230170430942451 -0.30220353239080566 9.2 -3.29 1.68 9.72 -1.67 -0.39 0.01 -0.0 -0.02 -0.03 0.01 -0.01
0.09584313624351637 0.3288874259353278 0.30106332886308246 -0.08435924529086947 -0.3442468389601743 9.18 -3.22 1.64 9.81 -1.69 -0.41 -0.01 0.01 0.0 -0.04 0.0 -0.01
0.1134971594122618 0.38179135945068055 0.37493211452966063 -0.09457330023845145 -0.40940841732495414 9.21 -3.32 1.68 9.86 -1.7 -0.47 -0.02 -0.01 0.01 -0.03 0.02 0.0
0.10850898516254404 0.4259645071289171 0.4405335075716571 -0.10014675285950148 -0.4606947485020356 9.29 -3.28 1.59 9.79 -1.72 -0.48 -0.01 -0.01 0.0 -0.02 0.01 0.0
0.11773719704360985 0.5008509963654788 0.4887135494031893 -0.11625686608751096 -0.5217555754192773 9.1 -3.17 1.64 9.78 -1.66 -0.45 -0.07 -0.0 0.01 -0.04 -0.03 -0.0
0.13657922759730923 0.5238123129658447 0.5607989528033461 -0.11510694161580659 -0.5643487907182134 9.15 -3.36 1.73 9.8 -1.76 -0.5 -0.05 -0.0 0.01 -0.06 0.0 0.02
0.14131550104060864 0.5323872963547558 0.5825099554387123 -0.11392307909231647 -0.5759187790461908 9.16 -3.31 1.72 9.82 -1.8 -0.45 -0.01 -0.0 -0.0 -0.05 0.02 0.01
0.11673461041658584 0.544366433920807 0.5702821354382516 -0.10910797698640806 -0.5594828670454177 9.17 -3.13 1.66 9.77 -1.84 -0.4 -0.01 0.0 -0.01 -0.02 -0.02 -0.0
0.1309388609601001 0.62072858422043 0.6479014109103233 -0.12568564943204308 -0.6401715755700792 9.21 -3.24 1.65 9.86 -1.7 -0.47 -0.06 0.0 -0.02 -0.0 -0.01 0.0
0.16284495157901802 0.7560155542902862 0.7725311269628682 -0.15701374572313398 -0.7788794584993468 9.28 -3.29 1.68 9.83 -1.54 -0.52 -0.03 0.01 -0.02 -0.03 0.0 0.01
0.16606239362144493 0.8040892306350358 0.7846743240503573 -0.16867796896518428 -0.8095287924614496 9.18 -3.18 1.68 9.73 -1.64 -0.42 -0.02 0.0 -0.02 -0.06 0.01 0.0
0.16112160234332862 0.7747748889974844 0.7365446223364276 -0.16948895440225442 -0.7814348240073201 9.17 -3.21 1.63 9.77 -1.76 -0.34 -0.04 0.0 -0.02 -0.03 -0.01 -0.01
0.18019085020243608 0.7671621366881638 0.7014598689289323 -0.1839287103036895 -0.7879974215480416 9.2 -3.3 1.65 9.8 -1.7 -0.31 -0.03 0.0 -0.02 -0.0 -0.01 -0.01
0.1796839141509281 0.7737006452371133 0.7357280454285976 -0.1864307723644032 -0.8148969401684809 9.2 -3.3 1.57 9.72 -1.74 -0.4 0.01 -0.0 -0.03 -0.02 -0.0 -0.01
0.15620207116575102 0.8159011317286726 0.757771762931633 -0.1932847529105146 -0.842592099728293 9.24 -3.12 1.49 9.75 -1.73 -0.4 -0.01 -0.0 -0.04 0.0 -0.04 0.01
0.18731202792120882 0.8948319612845026 0.8480942574684711 -0.22067047644851812 -0.953509779728094 9.17 -3.3 1.52 9.74 -1.56 -0.46 -0.06 -0.01 -0.03 0.01 -0.07 0.0
0.21973171217094034 0.990512806483423 0.9693442080561621 -0.24469363017431078 -1.0775490671764345 9.15 -3.35 1.57 9.69 -1.52 -0.52 -0.01 -0.03 -0.0 0.01 -0.04 0.0
0.20788720281795747 1.0243517124956867 0.9875187180231239 -0.24875038179511932 -1.097165965820281 9.2 -3.19 1.58 9.72 -1.68 -0.44 0.02 -0.05 0.02 0.02 -0.03 0.01
0.18112235419201284 1.0951140434753412 1.082713846954497 -0.2406108962977953 -1.1417353106721606 9.31 -3.15 1.63 9.88 -1.81 -0.55 0.01 -0.05 0.02 0.05 -0.04 -0.02
0.17197266381636211 1.1456325466358095 1.190867832032566 -0.23334437735401536 -1.196341287051382 9.39 -3.29 1.66 10.13 -1.88 -0.6 0.04 -0.04 -0.0 0.05 -0.02 -0.03
0.15515605079281158 1.211852375340925 1.2526259015424177 -0.23352693994981166 -1.2358497280116438 9.54 -3.23 1.7 10.05 -1.84 -0.54 0.06 -0.03 -0.04 0.07 -0.03 -0.01
0.16782413500541793 1.2844388715097281 1.312299083935597 -0.2520343770564466 -1.3098656310938992 9.38 -3.26 1.65 9.92 -1.68 -0.49 -0.03 -0.02 -0.06 0.02 -0.03 -0.01
0.16823536941019768 1.3975006880395426 1.5465729254395058 -0.23991831901213345 -1.436293277639919 9.18 -3.32 1.7 9.75 -1.78 -0.75 -0.01 -0.01 -0.05 -0.03 -0.02 -0.02
0.16270468805842597 1.3273966093865965 1.4946234894203427 -0.21210759528428014 -1.3478644077736988 9.09 -3.31 1.9 9.58 -1.98 -0.46 0.04 0.02 -0.04 -0.02 -0.01 -0.03
0.20672304536795139 1.2413681615945933 1.3727073674777228 -0.22199385463790122 -1.287502032893471 8.97 -3.43 1.86 9.73 -1.82 -0.25 -0.06 0.04 -0.02 0.03 0.01 -0.02
0.24063984211591105 1.225973976392666 1.3746556105283116 -0.23286549637619203 -1.30938261220723 9.01 -3.46 1.75 9.68 -1.73 -0.34 -0.02 0.01 -0.03 -0.01 0.01 0.0
0.24687932341129226 1.2145678038734857 1.4167076598592068 -0.22736401787442162 -1.3254091784955904 9.04 -3.41 1.68 9.69 -1.81 -0.43 0.01 -0.0 -0.03 -0.03 0.02 -0.0
0.2207073108706652 1.2391758976340839 1.4692208245374934 -0.22087566153241767 -1.3463833318472638 9.27 -3.26 1.58 9.65 -1.82 -0.47 -0.01 0.0 -0.01 -0.01 0.01 0.01
0.2234478850158581 1.287993694826291 1.6447751338984586 -0.21366378861291935 -1.4464351428795368 9.23 -3.44 1.54 9.8 -1.82 -0.66 -0.09 0.01 0.03 -0.0 -0.01 0.0
0.24615773321023937 1.188195139388455 1.5351360701893728 -0.21862669777561905 -1.383405727433484 9.1 -3.44 1.61 9.82 -1.82 -0.31 -0.05 -0.01 0.03 -0.03 0.01 0.01
0.2715966002641039 1.1638397692064828 1.5676706435032384 -0.21884944187756616 -1.4044627967994643 9.14 -3.53 1.66 9.84 -1.81 -0.43 -0.02 -0.03 0.06 0.02 -0.0 0.0
0.2898410126994264 1.102456814559396 1.5088178149400315 -0.2309862840802026 -1.3885976232070334 9.23 -3.49 1.55 9.86 -1.75 -0.3 -0.0 -0.04 0.09 0.0 0.01 0.0
0.32972121916161257 1.1340803221254703 1.37152915452121 -0.2879277621836991 -1.4092098532177602 9.16 -3.22 1.55 9.96 -1.44 -0.09 -0.15 -0.08 0.17 -0.06 0.04 0.03
0.4114702125015981 1.2093163705023287 1.3310208325946808 -0.3746811399721537 -1.5543957281460195 9.32 -3.43 1.36 10.05 -1.11 -0.11 -0.49 -0.13 0.26 -0.22 0.04 0.02
0.7142738560941098 1.1068119619078445 1.5714346177157994 -0.4814958675894445 -1.9265429648525156 9.27 -5.27 1.24 10.12 -0.77 -0.44 -0.31 -0.2 0.48 -0.15 -0.02 -0.05
0.8705802494120718 1.4494402910239614 1.9359951994066256 -0.593226587238874 -2.39225939602818 9.19 -4.26 1.39 10.1 -0.57 -0.67 -0.2 -0.27 0.75 -0.22 -0.01 -0.07
0.9253695440098113 1.2346754577302406 1.8968606645080899 -0.6244305380911044 -2.4309035920764046 9.24 -4.27 0.78 10.01 -1.21 -0.36 -0.5 -0.31 0.99 -0.3 0.02 -0.08
1.1227920752559015 0.8718338885642822 1.8883870485050387 -0.6542619314101472 -2.487479946728527 9.12 -5.27 1.01 10.21 -1.4 -0.35 -0.54 -0.4 1.25 -0.28 0.13 -0.15
1.2927498165930587 0.0 1.6743469811512213 -0.5902516057933553 -2.216634124090632 8.83 -6.16 0.68 9.92 -2.2 -0.22 -0.55 -0.47 1.45 -0.45 0.28 -0.18
1.4476082629446267 0.0 1.7200376789246985 -0.5281563027421754 -2.121935302611888 8.48 -6.08 0.76 9.61 -2.29 -0.51 -0.68 -0.54 1.61 -0.44 0.35 -0.12
1.7951915551179667 0.0 1.6757796850295295 -0.5905938677453122 -2.2232085216140263 8.31 -6.79 0.54 9.83 -1.51 -0.25 -0.8 -0.59 1.77 -0.4 0.29 -0.08
2.2657892374866293 0.0 1.6148384161393206 -0.6433330126369867 -2.2954976417072004 8.17 -8.32 -0.01 9.75 -1.38 -0.19 -0.46 -0.68 1.98 -0.45 0.29 -0.08
2.562317108948747 0.0 1.468553524472122 -0.6299200570035026 -2.1758497611699283 8.16 -7.89 -0.45 9.74 -1.83 -0.17 -0.11 -0.8 2.17 -0.48 0.35 -0.02
2.876366737864572 0.0 1.4716530942178376 -0.6265462208182697 -2.176304182014917 8.04 -7.84 -0.6 9.76 -1.81 -0.34 -0.13 -0.86 2.31 -0.4 0.34 0.0
3.2892694472474773 0.0 1.4989381511952355 -0.6372092093485833 -2.2223670397545305 7.63 -8.36 -0.73 9.75 -1.71 -0.39 -0.24 -0.9 2.41 -0.31 0.27 0.04
3.724049783320851 0.0 1.432605728646975 -0.6147851475425341 -2.1384595820023407 6.96 -8.68 -0.87 9.53 -1.93 -0.34 -0.18 -0.93 2.48 -0.36 0.2 0.11
4.115692716660959 0.0 1.2893644366915062 -0.567366908512966 -1.9524826743981833 6.44 -8.47 -1.09 9.61 -2.22 -0.28 -0.11 -0.96 2.49 -0.28 0.2 0.14
4.572178039192849 0.0 1.0618267262989516 -0.5353897291375489 -1.7425757813760612 5.95 -8.6 -0.98 9.59 -2.21 -0.12 -0.09 -0.96 2.5 -0.24 0.14 0.16
5.037037082718669 0.0 0.8575295731695868 -0.48639819490058755 -1.5137207251893017 5.41 -8.6 -0.96 9.54 -2.34 -0.13 -0.11 -0.94 2.43 -0.1 0.04 0.17
5.608356687251501 0.0 0.6155311270687276 -0.5077346756379768 -1.403420198497784 4.86 -8.7 -1.05 9.77 -1.89 0.04 -0.04 -0.91 2.35 -0.08 0.02 0.2
6.161382653158036 0.0 0.4172202083814204 -0.5060330641681361 -1.2758974650876382 4.39 -8.6 -1.25 9.54 -1.89 -0.0 -0.09 -0.92 2.27 -0.13 0.01 0.19
6.712942970470387 0.0 0.18789802816435006 -0.4903179318844195 -1.0990468598754006 3.98 -8.46 -1.18 10.01 -2.07 0.0 -0.26 -0.93 2.16 -0.15 0.01 0.23
7.399408323542666 0.0 0.004177330161601251 -0.4811572260889534 -0.9667018737775095 3.26 -9.18 -1.17 9.59 -1.95 -0.03 -0.21 -0.88 2.04 -0.14 -0.01 0.23
8.002411915576886 0.0 -0.19406326389241074 -0.4577611519639504 -0.7954503960329049 2.79 -8.55 -1.26 9.79 -2.09 -0.05 -0.07 -0.85 1.9 -0.06 -0.08 0.25
8.658179436644382 0.0 -0.4745297824666686 -0.44577344576075006 -0.5916607533741143 2.27 -8.54 -1.34 9.69 -2.03 0.08 -0.17 -0.79 1.72 0.11 -0.08 0.21
9.412287862755655 0.0 -0.8708403474281624 -0.47965280060275006 -0.40378533995112775 2.03 -8.89 -1.47 9.99 -1.75 0.33 -0.34 -0.77 1.58 0.07 -0.08 0.2
10.274538679571116 0.0 -1.111340247637453 -0.5096194045586486 -0.31498833267072257 1.62 -9.7 -1.31 9.85 -1.62 0.19 -0.19 -0.71 1.53 -0.05 -0.05 0.19
11.043447315639987 0.0 -1.1834400755150825 -0.5172420777114866 -0.29478183241180034 1.09 -8.94 -1.13 9.74 -1.68 -0.09 0.06 -0.66 1.46 -0.16 -0.04 0.15
11.825564180612545 0.0 -1.39085759141186 -0.5178189246183962 -0.16828330657885715 0.53 -8.72 -1.51 9.92 -1.81 -0.0 -0.08 -0.57 1.35 -0.19 -0.04 0.18
12.668810727970012 0.0 -1.5176666633507825 -0.5199878795151704 -0.10041824550003753 0.24 -9.03 -1.6 9.9 -1.8 -0.1 -0.17 -0.49 1.25 -0.24 -0.07 0.12
13.495069558383364 0.0 -1.852699359659276 -0.4639305050928044 0.23070477190010763 -0.3 -9.1 -1.57 10.01 -2.33 0.08 -0.16 -0.42 1.15 -0.22 -0.08 0.08
14.314840090596093 0.0 -2.2390725495469828 -0.4172883838594288 0.5771070406861298 -0.55 -8.82 -1.37 9.78 -2.36 0.22 -0.19 -0.37 1.03 -0.15 -0.05 0.03
15.199901302419981 0.0 -2.6416611161273833 -0.3810796918973267 0.9128891765888056 -1.09 -8.88 -1.24 9.68 -2.31 0.31 -0.2 -0.34 0.92 -0.12 -0.05 0.04
16.11667599675002 0.0 -2.8946115002678887 -0.355680074613943 1.1228763623044955 -1.43 -8.88 -1.31 9.73 -2.2 0.15 -0.15 -0.32 0.79 -0.12 -0.01 0.04
17.03469738295736 0.0 -3.033644767273241 -0.33004235561611495 1.254166207999475 -1.51 -8.84 -1.21 9.65 -2.13 -0.04 -0.1 -0.26 0.69 -0.19 0.03 0.0
17.92577236724624 0.0 -3.222535775495765 -0.2894913959609511 1.4503500535231808 -1.89 -8.38 -1.42 9.51 -2.21 -0.04 -0.09 -0.18 0.54 -0.19 0.04 -0.01
18.82792751544055 0.0 -3.3447393554269937 -0.22995780707570646 1.638238475072427 -2.18 -8.32 -1.36 9.58 -2.38 -0.17 -0.14 -0.11 0.38 -0.18 -0.0 -0.0
19.747459295630186 0.0 -3.546038152906517 -0.1511427904948448 1.9198020422569044 -2.19 -8.65 -1.46 9.5 -2.58 -0.11 -0.06 -0.02 0.23 -0.05 0.0 -0.0
20.73218819547786 0.0 -3.8362257191653497 -0.15012737420757105 2.10674525128465 -2.16 -8.57 -1.67 9.67 -2.08 0.11 -0.04 0.01 0.14 -0.01 0.0 -0.05
21.699925855081588 0.0 -3.9346420847478902 -0.10310024445082888 2.2505458969587124 -2.38 -8.59 -1.67 9.56 -2.26 -0.15 -0.25 0.01 0.06 -0.13 0.0 -0.03
22.70730732846831 0.0 -4.164669946227267 -0.029640009159010106 2.5400423534508008 -2.31 -9.35 -1.53 9.62 -2.53 -0.04 -0.19 0.05 -0.01 -0.09 0.01 -0.01
23.738309776759046 0.0 -4.406951192528856 0.016143953200739247 2.7827379298331607 -2.47 -9.28 -1.7 9.54 -2.37 0.03 0.18 0.1 -0.09 -0.02 0.02 -0.05
24.703077315815094 0.0 -4.594453332366764 0.05623576240652994 2.9746486254171742 -2.49 -8.45 -1.92 9.58 -2.3 -0.02 0.05 0.1 -0.12 -0.05 0.01 -0.06
25.713937348862558 0.0 -4.774976369576015 0.10921534221631646 3.186578979844384 -2.43 -8.92 -1.9 9.71 -2.4 -0.05 -0.23 0.07 -0.16 -0.06 0.01 -0.02
26.789293699017634 0.0 -5.006165028606501 0.15305136891011273 3.4169691657511265 -2.3 -9.71 -2.0 9.66 -2.34 0.03 -0.13 0.05 -0.18 -0.01 0.02 -0.04
27.88236523952093 0.0 -5.2085174012638085 0.1718614119381101 3.5774788776739115 -2.38 -9.66 -2.23 9.74 -2.14 0.03 0.03 0.02 -0.15 -0.01 0.04 -0.06
28.93162748234598 0.0 -5.408636353168392 0.2073998386929361 3.768821092542069 -2.3 -9.43 -2.25 9.72 -2.21 0.02 -0.02 -0.02 -0.1 -0.04 0.03 -0.04
29.971895431061455 0.0 -5.5700998742439145 0.2593115545727045 3.9634143775893875 -2.38 -9.31 -2.15 9.72 -2.34 -0.05 -0.11 -0.06 -0.08 -0.03 0.01 -0.02
31.020598475138122 0.0 -5.711453775984975 0.30806871039430916 4.1368455370872965 -2.25 -9.5 -1.9 9.58 -2.32 -0.09 -0.02 -0.06 -0.08 0.03 -0.01 -0.02
32.07122721253078 0.0 -5.86600352445413 0.3386069897872517 4.284874412453206 -2.37 -9.08 -2.03 9.7 -2.21 -0.07 0.05 -0.06 -0.09 0.0 -0.02 -0.02
33.12523748729331 0.0 -6.02814934787832 0.37781315297719686 4.454993882121286 -2.37 -9.14 -2.08 9.71 -2.25 -0.06 -0.06 -0.08 -0.1 -0.02 -0.02 0.01
34.16616162264218 0.0 -6.171190276669572 0.42949041205319816 4.634464790918159 -2.1 -9.52 -1.94 9.61 -2.33 -0.09 -0.12 -0.1 -0.08 0.03 -0.02 0.02
35.23276796670604 0.0 -6.304035971059109 0.4638137165273122 4.77332612731135 -2.1 -9.63 -1.92 9.78 -2.25 -0.1 0.02 -0.07 -0.05 0.07 -0.02 -0.01
36.29085854729048 0.0 -6.4842116016769005 0.4869640291938424 4.9265781446509465 -2.27 -9.07 -2.12 9.81 -2.15 -0.02 0.01 -0.08 -0.05 0.03 -0.01 -0.02
37.34433410349388 0.0 -6.727525330073928 0.5288235115238535 5.162496777436701 -2.3 -9.16 -2.15 9.73 -2.26 0.09 -0.15 -0.13 -0.06 -0.01 -0.01 -0.0
38.3995956538696 0.0 -6.97048653239721 0.5822529145150099 5.41975038224308 -2.22 -9.54 -2.15 9.74 -2.38 0.12 -0.16 -0.17 -0.07 0.03 -0.0 0.01
39.43811854287338 0.0 -7.192873229507755 0.6306782116524943 5.6519564910730935 -2.21 -9.28 -2.23 9.87 -2.4 0.11 -0.08 -0.22 -0.09 0.06 -0.01 -0.01
40.46998037887748 0.0 -7.5339016982646365 0.6872224424422342 5.989712977385324 -2.34 -8.97 -2.56 9.79 -2.47 0.3 -0.1 -0.32 -0.14 0.13 0.02 -0.01
41.51631622711031 0.0 -7.717799826976665 0.7219811075418647 6.167087783043385 -2.26 -8.98 -2.7 9.79 -2.3 0.12 -0.23 -0.46 -0.21 0.21 0.01 -0.0
42.55795064121695 0.0 -7.796329173811206 0.7589127332806811 6.267704494398004 -1.98 -9.55 -2.52 9.75 -2.26 -0.08 -0.25 -0.52 -0.21 0.26 -0.02 -0.04
43.607483708223484 0.0 -8.046093153818198 0.7992611417770519 6.507051639094243 -2.22 -9.2 -2.9 9.95 -2.33 0.13 -0.16 -0.58 -0.22 0.31 0.01 -0.06
44.61713038022755 0.0 -8.513888124916738 0.8586306483822455 6.950605996863516 -2.25 -8.8 -3.01 9.77 -2.47 0.52 -0.23 -0.8 -0.28 0.35 0.05 -0.04
45.6183746315937 0.0 -8.661780207708707 0.9121508619326875 7.1347826078653895 -2.01 -9.19 -2.47 9.62 -2.41 0.13 -0.37 -0.95 -0.33 0.43 0.02 -0.04
46.63215359373574 0.0 -8.8322145943713 0.9714425683159504 7.3472934916562735 -2.11 -9.33 -2.41 9.75 -2.49 0.09 -0.34 -1.0 -0.34 0.49 0.02 -0.06
47.651453292736605 0.0 -9.32163004014882 1.0464730469886945 7.839659426213956 -2.38 -9.16 -2.84 9.92 -2.69 0.58 -0.23 -1.16 -0.43 0.58 0.11 -0.01
48.6172800688079 0.0 -9.788820564859225 1.1249749823755195 8.321510365958105 -2.11 -9.03 -2.89 9.69 -2.71 0.68 -0.3 -1.39 -0.5 0.64 0.17 0.02
49.57205024559813 0.0 -10.118877360050588 1.1998740606251346 8.688405314642978 -1.96 -9.06 -2.81 9.74 -2.71 0.52 -0.44 -1.56 -0.55 0.71 0.15 0.01
50.51056655712352 0.0 -10.511841630306888 1.3042488876589715 9.15792575542585 -2.02 -9.19 -2.8 9.82 -2.97 0.6 -0.46 -1.73 -0.66 0.85 0.2 0.06
51.3965169012009 0.0 -10.947964220332908 1.4255753283676995 9.6920956298938 -1.77 -9.36 -2.45 9.59 -3.12 0.7 -0.36 -1.91 -0.74 1.02 0.25 0.11
52.30182946732973 0.0 -11.422004487076963 1.5207805952320115 10.213574766695885 -1.7 -9.38 -2.55 9.87 -3.03 0.81 -0.35 -2.08 -0.81 1.16 0.28 0.14
53.15921635303314 0.0 -11.786057679696873 1.5936063281282173 10.608128045434796 -1.11 -9.78 -1.94 9.69 -2.78 0.67 -0.39 -2.15 -0.81 1.24 0.28 0.16
54.04013088643308 0.0 -12.17822622520649 1.673914452453289 11.039992083816102 -1.29 -9.74 -1.84 9.71 -2.78 0.7 -0.27 -2.09 -0.77 1.28 0.27 0.16
54.923107130690035 0.0 -12.771793774545355 1.7468953054046068 11.629756266310238 -1.37 -9.38 -2.25 9.75 -2.7 1.06 -0.17 -2.13 -0.82 1.36 0.32 0.23
55.742657695249854 0.0 -13.354762309802524 1.820275535265523 12.213833613474293 -0.97 -9.38 -1.81 9.59 -2.63 1.15 -0.18 -2.17 -0.88 1.36 0.29 0.27
56.55218070795041 0.0 -13.860199906260043 1.8788184618939852 12.710502424330386 -0.73 -9.39 -1.81 9.77 -2.53 1.07 -0.21 -2.12 -0.88 1.4 0.26 0.26
57.35195486785596 0.0 -14.400667582383525 1.9155127794413005 13.20379078824024 -0.46 -9.43 -1.75 9.68 -2.28 1.12 -0.25 -2.04 -0.9 1.42 0.26 0.23
58.179655404707326 0.0 -15.041031021506628 1.9498316821576935 13.781200809737854 -0.63 -9.5 -1.74 9.46 -2.12 1.31 -0.21 -1.92 -0.86 1.35 0.24 0.21
58.98381430842879 0.0 -15.655430404810183 1.9749326332280788 14.323922346672646 -0.46 -9.69 -1.48 9.5 -2.0 1.32 -0.16 -1.85 -0.86 1.32 0.21 0.25
59.79009383856013 0.0 -16.283470143257784 1.9721200066686038 14.835218438777034 -0.29 -9.85 -1.25 9.3 -1.67 1.34 -0.14 -1.64 -0.76 1.21 0.17 0.19
60.60154969236259 0.0 -17.043594838431506 1.982269405381004 15.484115136185977 -0.44 -9.97 -1.37 9.55 -1.71 1.6 -0.16 -1.46 -0.65 1.05 0.14 0.2
61.375545375014674 0.0 -17.93252177548336 2.0170174755311905 16.288369335484163 -0.45 -9.94 -1.45 9.38 -1.8 1.92 -0.06 -1.33 -0.57 0.9 0.15 0.21
62.093392321184226 0.0 -18.82072963106954 2.0744881090363663 17.133225324572223 -0.3 -9.73 -1.24 9.53 -2.02 2.06 -0.03 -1.22 -0.53 0.82 0.16 0.24
62.787902752982745 0.0 -19.804382015985865 2.1414764002519604 18.083144122271705 -0.22 -9.91 -1.11 9.37 -2.06 2.31 -0.01 -1.1 -0.48 0.77 0.17 0.24
63.4716646559032 0.0 -20.770536642877524 2.2051639664256584 19.01796105897128 -0.16 -9.93 -1.16 9.56 -2.08 2.38 0.03 -0.98 -0.44 0.66 0.16 0.27
64.1137794244157 0.0 -21.77943154494132 2.309915994961443 20.06366833485484 -0.21 -9.94 -1.33 9.47 -2.34 2.57 0.07 -0.88 -0.42 0.6 0.19 0.28
64.72751946399363 0.0 -22.87194294042145 2.4297273453756247 21.217705531887177 -0.2 -9.75 -1.33 9.61 -2.49 2.84 0.14 -0.84 -0.42 0.58 0.24 0.3
65.30124495143238 0.0 -23.97714193004256 2.546769434552189 22.388547569524775 0.05 -9.85 -1.31 9.35 -2.4 2.96 0.17 -0.84 -0.43 0.59 0.27 0.31
65.88396315894431 0.0 -24.99851377299418 2.6384531646192215 23.450605105142046 0.16 -10.01 -1.21 9.34 -2.19 2.84 0.15 -0.78 -0.4 0.57 0.28 0.26
66.48550516002032 0.0 -25.99535901846264 2.7356765768633267 24.506339833760663 -0.06 -9.84 -1.36 9.17 -2.11 2.8 0.16 -0.69 -0.34 0.5 0.28 0.24
67.0619445898316 0.0 -27.000295890793115 2.8510023863818077 25.60616301533574 -0.13 -9.67 -1.37 9.34 -2.22 2.88 0.14 -0.63 -0.32 0.43 0.28 0.25
67.59791087599238 0.0 -28.059304555666294 2.988232606146866 26.801577652897834 -0.1 -9.65 -1.51 8.98 -2.24 3.05 0.13 -0.59 -0.31 0.36 0.28 0.22
68.11511398627867 0.0 -29.044987230573007 3.1510665964616322 27.97193617352808 -0.23 -9.66 -1.48 9.05 -2.48 3.08 0.13 -0.59 -0.3 0.35 0.24 0.21
68.61003358929807 0.0 -30.000305979600267 3.296828021195225 29.09673357585602 -0.04 -9.74 -1.1 8.9 -2.35 3.02 0.14 -0.54 -0.26 0.4 0.2 0.18
69.10333048714422 0.0 -30.975299826217288 3.4259226869192076 30.228428990991887 0.07 -9.59 -1.15 8.9 -2.15 3.03 0.13 -0.46 -0.23 0.36 0.16 0.17
69.5814193464347 0.0 -32.02720437199069 3.567995502439217 31.470347714625277 0.04 -9.61 -1.25 8.89 -2.08 3.24 0.13 -0.4 -0.19 0.25 0.16 0.16
70.03458207073163 0.0 -32.98177941627956 3.7258868040329673 32.642313556333804 0.05 -9.47 -1.13 8.79 -2.17 3.19 0.11 -0.35 -0.17 0.18 0.14 0.16
70.49200332547746 0.0 -33.83250520119595 3.8707700948648807 33.694433741531455 0.03 -9.64 -0.91 8.8 -2.14 2.99 0.1 -0.24 -0.13 0.14 0.1 0.12
70.93073748763722 0.0 -34.815352336638696 4.025511556177875 34.91563283453563 -0.01 -9.73 -1.23 8.83 -2.05 3.25 0.08 -0.16 -0.07 0.05 0.07 0.12
71.329703721979 0.0 -35.680343936272166 4.225322412137103 36.073866596299396 -0.13 -9.66 -1.32 8.85 -2.42 3.29 0.04 -0.12 -0.03 -0.02 0.04 0.12
71.67629377668129 0.0 -36.57073949618251 4.44311908733107 37.293392883417695 0.0 -9.85 -1.22 8.84 -2.56 3.47 0.07 -0.1 0.02 -0.01 -0.0 0.07
72.04211890407088 0.0 -37.48325617938226 4.6252483833978175 38.506194677154426 0.11 -9.67 -1.1 9.01 -2.32 3.49 0.04 -0.06 0.05 0.0 -0.02 0.05
72.38227763620577 0.0 -38.34946097645546 4.835915173126438 39.70935658245833 0.04 -9.62 -1.19 9.01 -2.46 3.57 0.02 -0.03 0.06 -0.07 -0.01 0.03
72.65741723725262 0.0 -39.15771503529291 5.081683921691692 40.8926600765852 0.17 -9.7 -1.12 8.83 -2.7 3.65 -0.02 -0.02 0.06 -0.09 -0.02 0.02
72.94069596217108 0.0 -39.96766537062198 5.3149082614039145 42.07292009596837 0.18 -9.63 -1.0 8.9 -2.65 3.69 0.01 -0.02 0.03 -0.03 -0.0 0.02
73.23196455109313 0.0 -40.73476988676687 5.535116307337034 43.194267118367335 0.16 -9.57 -0.96 8.9 -2.56 3.61 0.01 -0.0 0.01 -0.04 -0.01 -0.01
73.51977810488579 0.0 -41.45704171295051 5.759227163154549 44.27075442864796 0.05 -9.7 -0.94 8.93 -2.58 3.57 -0.06 0.0 -0.0 -0.06 -0.01 -0.01
73.80247325186599 0.0 -42.17700330112546 5.97662381613209 45.34540220572546 0.03 -9.76 -0.9 8.94 -2.49 3.56 0.02 0.03 -0.02 -0.08 0.01 -0.01
74.05994975717535 0.0 -42.83955392748512 6.214696065100128 46.37210083233467 -0.0 -9.55 -1.12 8.94 -2.64 3.58 -0.0 0.04 -0.03 -0.11 0.01 -0.01
74.26394314207577 0.0 -43.43299426216848 6.4805203715729505 47.33814483228218 0.05 -9.79 -1.17 8.91 -2.91 3.62 -0.07 -0.0 -0.03 -0.06 0.0 -0.01
74.4769131128064 0.0 -44.08920837026619 6.721132306853761 48.37225320626642 0.08 -10.04 -1.04 8.89 -2.68 3.67 -0.03 -0.0 -0.02 -0.0 -0.01 -0.03
74.70401137663318 0.0 -44.69311129483105 6.9596384706587315 49.33807379268893 -0.02 -9.83 -1.05 8.92 -2.67 3.62 -0.03 -0.02 0.0 -0.03 -0.0 -0.02
74.8974486230239 0.0 -45.25988865554794 7.207313708627964 50.265093867902635 0.11 -9.71 -0.84 8.86 -2.72 3.61 -0.03 -0.01 0.0 -0.04 -0.0 -0.01
75.10862456371184 0.0 -45.821551431744474 7.44827188133668 51.18421741660559 -0.02 -9.58 -0.96 8.9 -2.67 3.61 -0.02 -0.0 -0.02 -0.04 0.01 -0.01
75.30098817511531 0.0 -46.33009495098932 7.696902360308343 52.03711824052708 -0.05 -9.6 -0.96 8.9 -2.76 3.58 -0.05 0.01 -0.04 -0.04 0.01 0.0
75.47028738978382 0.0 -46.84990369076682 7.9331930953235315 52.901148545610624 0.09 -9.79 -0.92 8.83 -2.63 3.55 -0.02 0.02 -0.05 -0.03 0.01 0.0
75.64923913479382 0.0 -47.353799639894426 8.16714312222112 53.74428442606309 -0.03 -9.78 -1.2 8.85 -2.59 3.54 0.0 0.02 -0.03 -0.05 0.0 -0.01
75.81994233808123 0.0 -47.823600402460585 8.409729607388542 54.54675345471962 -0.12 -9.82 -1.11 8.94 -2.68 3.57 -0.05 0.0 -0.02 -0.04 0.0 0.0
75.95676279712347 0.0 -48.28408315484777 8.652384137236965 55.338955420221936 0.02 -9.89 -1.12 8.86 -2.66 3.57 -0.03 0.0 -0.01 -0.04 -0.0 -0.01
76.10872258719367 0.0 -48.73132309131161 8.885085855150237 56.107178315945546 0.01 -9.65 -1.11 8.87 -2.6 3.53 -0.03 -0.0 0.0 -0.05 -0.01 -0.0
76.26903724960509 0.0 -49.160985110537645 9.113224349417038 56.84830576407515 -0.11 -9.67 -1.1 8.82 -2.55 3.48 -0.04 -0.0 0.01 -0.07 -0.02 -0.02
76.41227031678574 0.0 -49.56333558795894 9.333913377903627 57.544291807245614 0.0 -9.58 -1.11 8.97 -2.56 3.44 -0.08 0.01 0.0 -0.09 -0.03 -0.02
76.50962203444568 0.0 -49.980239686613025 9.583057481264191 58.28682576669611 0.03 -9.73 -1.13 8.83 -2.63 3.61 -0.07 0.04 0.01 -0.07 -0.03 -0.06
76.63152084179804 0.0 -50.34073349467379 9.821778293954523 58.933570867536694 -0.17 -9.84 -1.17 8.96 -2.72 3.55 -0.11 0.01 0.01 -0.06 -0.04 -0.04
76.74144035710964 0.0 -50.682270629906796 10.046062377715145 59.54234537753072 -0.1 -10.07 -0.88 8.98 -2.68 3.45 -0.03 0.01 0.01 -0.05 -0.04 -0.03
76.83624868404674 0.0 -51.06600595515908 10.284441804214836 60.23330372966663 -0.08 -9.74 -1.12 8.89 -2.62 3.6 -0.02 0.02 0.03 -0.05 -0.05 -0.02
76.9027209071906 0.0 -51.389738289600736 10.532128082469185 60.83237863925856 -0.01 -9.76 -1.08 8.95 -2.79 3.62 -0.07 -0.01 0.03 -0.05 -0.03 0.01
76.95856348286217 0.0 -51.70132633317633 10.77293342799122 61.40896905214948 0.07 -9.8 -1.02 9.0 -2.81 3.61 -0.03 -0.03 0.01 -0.01 -0.01 -0.0
77.01776044653157 0.0 -52.06149428293798 11.00804108884519 62.06775477202542 0.03 -9.79 -1.12 8.94 -2.64 3.69 -0.01 -0.03 0.01 -0.0 -0.01 -0.0
77.06363407495114 0.0 -52.3406859211015 11.256773903261205 62.597765741580446 -0.01 -9.68 -1.14 8.94 -2.85 3.66 -0.03 -0.06 -0.03 0.0 0.01 0.02
77.10996384912683 0.0 -52.64299362694235 11.479781113058124 63.15511965608511 0.09 -9.79 -0.98 8.91 -2.67 3.57 -0.04 -0.06 -0.05 0.04 0.01 -0.01
77.17936193932276 0.0 -52.9460611002513 11.693779847144512 63.711200421910824 -0.08 -9.77 -1.09 8.96 -2.58 3.54 -0.02 -0.04 -0.04 0.0 0.02 0.01
77.21364560079512 0.0 -53.20877219475069 11.927078374061225 64.2093545154533 -0.05 -9.72 -1.14 8.93 -2.73 3.58 -0.03 -0.05 -0.05 -0.01 0.03 0.01
77.23801182094807 0.0 -53.47839583386161 12.143353677640377 64.71246790065032 0.05 -9.87 -1.08 8.94 -2.64 3.53 -0.05 -0.04 -0.04 0.03 0.01 0.0
77.2856255632651 0.0 -53.757493206403154 12.35097081593824 65.2300844538677 -0.06 -9.73 -1.15 9.02 -2.56 3.54 0.01 -0.03 -0.02 0.0 0.01 0.0
77.30842436041253 0.0 -54.01415497611931 12.562874698899918 65.71196880476178 0.06 -9.65 -1.02 8.92 -2.57 3.51 0.0 -0.02 -0.02 -0.01 0.01 -0.0
77.33054369548628 0.0 -54.2806746032026 12.767399317357075 66.20992190583874 0.05 -9.62 -1.18 8.94 -2.5 3.52 -0.04 0.01 -0.02 -0.04 0.01 -0.01
77.35138399445454 0.0 -54.531098898984304 12.977108574844522 66.68344799259688 -0.05 -9.65 -1.15 8.94 -2.54 3.55 -0.04 0.01 -0.02 -0.05 0.01 -0.02
77.36460870040143 0.0 -54.75480385123582 13.176251495332167 67.10466125564952 -0.03 -9.75 -1.14 8.94 -2.55 3.46 -0.04 0.03 -0.02 -0.06 -0.01 -0.02
77.38202246257492 0.0 -54.99141275782827 13.364981023226903 67.54620078803185 -0.0 -9.69 -1.07 8.89 -2.44 3.41 -0.03 0.06 -0.02 -0.06 -0.01 -0.03
77.40049531033746 0.0 -55.26298575980752 13.535187139857968 68.04508854525491 0.15 -9.6 -0.87 8.89 -2.21 3.38 -0.05 0.11 0.0 -0.12 -0.03 -0.05
77.4438958869286 0.0 -55.55514649636119 13.660493954190542 68.56229709826252 0.38 -9.55 -0.38 8.8 -1.81 3.11 -0.09 0.24 0.02 -0.21 -0.04 -0.09
77.51740697251422 0.0 -55.933526841888195 13.704298885472298 69.20272338143576 0.67 -10.2 0.49 8.58 -0.95 2.63 -0.0 0.56 0.14 -0.44 -0.09 -0.17
77.64134988771949 0.0 -56.33260815632868 13.742450263894938 69.88186859037957 0.57 -9.6 0.4 8.62 -0.63 2.55 0.06 1.01 0.31 -0.88 -0.13 -0.2
77.67783008159691 0.0 -56.550225329175134 13.803698314262775 70.23406817241548 0.62 -10.27 -0.03 8.72 -1.15 2.32 0.1 1.43 0.45 -1.34 -0.11 -0.21
77.69932509192883 0.0 -56.697975663156726 13.859340498638375 70.45294339283011 0.57 -10.89 0.02 8.93 -1.48 2.15 0.17 1.81 0.71 -1.67 -0.16 -0.23
77.74688059560096 0.0 -56.74090109685596 13.914330935836958 70.47505796682465 0.56 -10.38 -0.09 8.93 -1.88 1.86 0.21 2.23 0.94 -1.92 -0.32 -0.26
77.84077097436003 0.0 -56.70148236686515 13.978047448509727 70.34716780361128 0.29 -9.62 -0.27 8.93 -2.3 1.67 0.23 2.61 1.05 -2.18 -0.44 -0.27
77.95810170024487 0.0 -56.46300905707652 14.021667090800051 69.83988400360582 0.16 -9.28 -0.44 9.21 -3.0 1.15 0.23 2.89 1.03 -2.28 -0.54 -0.22
77.98522917834035 0.0 -56.12498470811359 14.111825250300257 69.17412248065936 0.13 -9.61 -0.97 9.43 -3.8 1.16 0.28 3.06 0.97 -2.15 -0.57 -0.14
77.99760410101528 0.0 -55.81128990942374 14.209444637168701 68.5615432638978 0.09 -9.71 -1.14 9.3 -3.99 1.16 0.37 3.11 0.95 -2.0 -0.56 -0.13
78.10723447982738 0.0 -55.58378624275596 14.258953319458215 68.08679116595451 -0.2 -9.05 -1.81 9.44 -3.66 1.09 0.49 3.15 0.9 -1.8 -0.54 -0.23
78.28896487866545 0.0 -55.286122476857216 14.29323681135402 67.47981292548812 -0.8 -8.78 -2.19 9.72 -3.8 0.91 0.0 3.05 0.82 -1.92 -0.57 -0.24
78.34830320927456 0.0 -54.90452961313671 14.40635194528663 66.76648303215535 -0.95 -9.39 -2.17 9.63 -4.45 1.13 -0.24 2.81 0.73 -1.82 -0.49 -0.15
78.36449231184993 0.0 -54.47746384121361 14.485900924847485 65.96006190495075 -0.54 -10.2 -1.13 9.24 -4.47 0.7 -0.06 2.66 0.65 -1.51 -0.52 -0.15
78.4337019285628 0.0 -54.03052733218197 14.512031576012447 65.09760308720502 -0.58 -10.4 -1.36 9.45 -4.38 0.31 0.48 2.83 0.68 -1.12 -0.7 -0.28
78.67259016238233 0.0 -53.626900117597025 14.511020076215573 64.30563817826204 -1.11 -8.26 -2.84 9.8 -4.2 0.23 0.32 2.81 0.61 -0.85 -0.76 -0.36
78.86284514845244 0.0 -53.369600986651854 14.527404470522924 63.787476269858615 -1.38 -8.75 -2.63 9.78 -3.82 0.62 -0.17 2.48 0.44 -0.67 -0.65 -0.26
79.03488999369281 0.0 -52.87886895492843 14.497316902529803 62.84217772086529 -1.48 -9.97 -2.36 10.03 -4.15 -0.08 -0.12 2.21 0.38 -0.51 -0.59 -0.22
79.27803916958203 0.0 -52.639372143900694 14.440800419054483 62.32381083462667 -1.72 -9.69 -2.44 9.83 -3.3 0.14 -0.02 1.94 0.37 -0.56 -0.48 -0.24
79.49500000418531 0.0 -52.236001088514804 14.395209021946911 61.536690528081834 -1.71 -9.7 -2.37 10.04 -3.67 -0.09 -0.0 1.74 0.27 -0.52 -0.44 -0.13
79.71500058625236 0.0 -51.90358095326184 14.35636363554481 60.8816805529662 -1.87 -9.38 -3.1 10.04 -3.56 0.07 0.04 1.45 0.17 -0.32 -0.29 -0.11
79.93958141423991 0.0 -51.62504574122029 14.294810982864021 60.30927142918817 -1.8 -9.44 -2.89 9.87 -3.21 0.05 -0.06 1.06 0.07 -0.24 -0.18 -0.08
80.18207731741978 0.0 -51.28424829100559 14.207851192290661 59.622314309312955 -1.82 -9.59 -2.72 9.65 -3.06 -0.31 -0.13 0.77 0.06 -0.18 -0.09 -0.08
80.44089094402612 0.0 -50.95536000789387 14.088572547340632 58.94066649342061 -1.78 -9.74 -2.61 9.68 -2.8 -0.52 -0.06 0.56 0.02 -0.16 -0.03 -0.07
80.70320810474811 0.0 -50.58754414673299 13.968674894641623 58.20096869858694 -1.86 -9.71 -2.79 9.6 -2.78 -0.71 0.17 0.4 -0.01 -0.19 0.02 -0.03
80.9884728429498 0.0 -50.18736198610149 13.843401478433819 57.412153992739746 -1.72 -8.95 -2.82 9.48 -2.76 -0.91 0.05 0.23 -0.02 -0.17 0.04 -0.02
81.21704450740307 0.0 -49.774061673075735 13.72839495950251 56.6167107520736 -1.57 -9.4 -2.48 9.31 -2.79 -0.98 -0.09 0.16 -0.02 -0.14 0.02 -0.03
81.4599136719665 0.0 -49.3373805854364 13.616683063744887 55.7942105729564 -1.71 -9.35 -2.59 9.43 -2.92 -0.99 -0.01 0.12 -0.01 -0.08 -0.01 -0.06
81.72114880943651 0.0 -48.95859568127867 13.484842596730346 55.056344577476395 -1.72 -9.27 -2.55 9.5 -2.7 -0.93 -0.01 0.04 -0.03 -0.03 -0.03 -0.06
81.94750060924001 0.0 -48.55011069342027 13.361350982139427 54.28493089359165 -1.43 -9.21 -2.1 9.4 -2.72 -0.97 -0.06 0.04 -0.03 -0.03 -0.06 -0.07
82.1845984146394 0.0 -48.195618272609714 13.225573075967503 53.59449756764849 -1.43 -9.25 -2.02 9.6 -2.58 -0.82 -0.07 0.03 -0.05 -0.02 -0.04 -0.07
82.41224717033883 0.0 -47.81957184453008 13.078985675091701 52.86892810525018 -1.21 -9.22 -1.71 9.62 -2.5 -0.89 0.0 0.05 -0.09 -0.06 -0.03 -0.07
82.63064271083317 0.0 -47.47624479943965 12.92034356587547 52.18937706046496 -0.84 -9.04 -1.23 9.49 -2.26 -0.9 0.04 0.13 -0.15 -0.06 -0.01 -0.08
82.91389038048223 0.0 -47.18344824915359 12.69693123111665 51.54025698786944 -0.46 -8.64 -0.45 9.97 -1.82 -0.95 0.14 0.34 -0.31 -0.17 0.03 -0.06
83.16859531696154 0.0 -46.74907530414391 12.515171060664699 50.71766000701078 0.04 -7.63 0.24 10.07 -2.24 -1.11 0.24 0.63 -0.59 -0.54 0.17 -0.11
83.31730302732194 0.0 -46.385838682761076 12.494126098259528 50.13142007245693 0.03 -6.52 0.27 9.64 -3.08 -0.26 0.3 0.98 -1.03 -0.61 0.2 -0.06
83.37797031631128 0.0 -45.84552809424531 12.505651889010252 49.319050896137014 0.47 -6.07 0.06 9.47 -3.87 -0.38 0.32 1.19 -1.62 -0.32 0.07 0.0
83.28326531715352 0.0 -45.24546578136571 12.469629071087311 48.391801686730886 1.38 -7.41 -0.58 9.21 -3.85 -0.82 0.49 1.29 -2.22 0.37 -0.14 -0.07
83.10069488811823 0.0 -45.19763290504318 12.305348139944385 48.15808757467414 2.9 -8.53 -1.36 9.96 -2.24 0.16 0.67 1.26 -2.56 0.7 0.07 -0.26
82.97987898237437 0.0 -45.05760714868848 12.051935864959546 47.71874280037012 3.68 -8.63 -1.49 9.68 -1.23 -0.39 0.59 1.19 -2.67 0.28 0.03 -0.34
82.69797815795 0.0 -44.55556080425156 11.901517123977726 46.857708679426494 4.47 -8.82 -1.15 9.69 -2.27 -0.93 0.45 1.2 -2.73 0.25 0.02 -0.4
82.43361603807638 0.0 -44.197476031706124 11.704608294943284 46.16426967398411 4.47 -9.8 -1.19 9.61 -1.83 -0.93 0.69 1.27 -2.82 0.44 0.05 -0.42
82.23222159404345 0.0 -43.9220746094505 11.465454710988965 45.55086337029721 4.79 -8.51 -2.19 10.04 -1.46 -0.82 0.51 1.16 -2.87 0.07 0.11 -0.29
81.84569647983115 0.0 -43.69150526025983 11.274258246697585 45.04133486980869 5.62 -9.17 -2.07 9.86 -1.5 -0.51 -0.23 0.92 -2.85 -0.32 0.26 -0.19
81.3753189886149 0.0 -43.33651113830951 11.078231527060595 44.36031973801775 6.23 -10.39 -1.17 9.61 -1.58 -0.81 -0.36 0.78 -2.65 -0.48 0.32 -0.17
80.8150163388259 0.0 -42.7406803468732 11.033707153134813 43.499596751055634 6.14 -10.2 -0.68 9.34 -3.0 -0.86 0.24 0.78 -2.49 -0.47 0.28 -0.18
80.26704392242469 0.0 -42.33541320409107 10.957499300409395 42.86985441045874 6.55 -9.08 -1.42 9.56 -2.93 -0.46 0.63 0.71 -2.43 -0.06 0.19 -0.21
79.84032758644442 0.0 -42.35701782123052 10.679945933136054 42.616246749050475 7.5 -8.23 -1.39 10.02 -1.0 -0.01 0.34 0.46 -2.14 0.06 0.26 -0.3
79.35160860782084 0.0 -41.959165102536154 10.482962495453137 41.888339560635046 7.52 -8.33 -0.65 9.84 -1.65 -0.67 -0.09 0.36 -1.85 -0.16 0.17 -0.36
78.80568155720407 0.0 -41.4549191699265 10.34641151117151 41.08580332095009 7.47 -8.32 -0.45 9.87 -2.31 -0.81 0.15 0.33 -1.71 0.01 0.06 -0.39
78.3002994497843 0.0 -41.08755663622164 10.204315158960412 40.45830557030018 7.33 -7.75 -0.23 9.56 -2.13 -0.6 0.46 0.31 -1.64 0.04 0.07 -0.32
77.8118537787512 0.0 -40.689842574746315 10.059852685222452 39.793628862768955 7.41 -6.76 -0.0 9.26 -2.07 -0.68 0.52 0.29 -1.63 -0.01 0.01 -0.21
77.26909078943866 0.0 -40.33003091009848 9.912645893753279 39.17761457913903 7.93 -6.11 0.17 9.56 -2.1 -0.52 0.25 0.26 -1.57 0.09 -0.02 -0.16
76.70933072136191 0.0 -40.07320427684408 9.721166736329081 38.6470918784548 8.3 -6.5 0.46 9.67 -1.64 -0.37 0.13 0.2 -1.48 0.1 0.06 -0.19
76.1348728148136 0.0 -39.78930677426892 9.526982535605512 38.08081035725179 8.58 -6.31 0.73 9.65 -1.51 -0.4 0.43 0.24 -1.32 0.11 -0.03 -0.23
75.55518709138788 0.0 -39.44183849277647 9.32542406035914 37.43021365770713 8.89 -5.52 0.62 9.96 -1.57 -0.52 0.48 0.26 -1.2 0.2 -0.07 -0.21
74.9681541328366 0.0 -39.229747011536205 9.123113370335787 36.943413415609484 9.0 -5.22 0.72 9.99 -1.36 -0.21 0.33 0.24 -1.12 0.16 -0.03 -0.16
74.4411691766896 0.0 -38.90182385301358 8.870578932329735 36.26221444035933 8.95 -4.96 1.04 9.83 -1.01 -0.63 0.21 0.25 -1.01 0.09 -0.1 -0.09
73.83134279036797 0.0 -38.6786120421261 8.671149373910424 35.76329750209409 9.14 -4.67 1.13 10.07 -1.25 -0.21 0.06 0.27 -0.89 -0.06 -0.13 -0.08
73.11435886279283 0.0 -38.43580001281496 8.482629557598031 35.25275399591543 10.2 -3.34 1.66 9.94 -1.33 -0.15 0.05 0.37 -0.68 0.02 -0.06 -0.04
72.56896773379304 0.0 -38.27129879673183 8.284077600988127 34.82067025114479 8.72 -4.54 1.57 10.19 -1.27 0.09 -0.44 0.3 -0.6 0.07 -0.03 -0.08
71.92737726544692 0.0 -38.113763904309025 8.060486761442334 34.36444958336655 9.27 -4.76 1.51 10.22 -1.05 0.09 -0.03 0.24 -0.59 0.06 0.01 -0.05
71.30186145139284 0.0 -37.87084108959934 7.835951826356734 33.80620064469416 9.35 -3.68 1.24 10.06 -1.02 -0.12 0.34 0.17 -0.55 0.0 0.03 -0.02
70.66959460725809 0.0 -37.59668698095228 7.634675850013991 33.238975127220314 9.17 -3.41 1.24 9.92 -1.17 -0.17 0.36 0.11 -0.47 -0.02 0.09 -0.07
70.00510170213832 0.0 -37.30434068567241 7.443641517806597 32.663371632674696 9.19 -3.47 1.36 9.83 -1.28 -0.2 0.4 0.05 -0.41 0.18 0.07 -0.11
69.36389123889691 0.0 -36.97089340705964 7.196560615979834 31.97054810439485 9.42 -3.06 1.45 9.85 -0.94 -0.48 0.42 0.05 -0.31 0.25 0.08 -0.15
68.72084690887621 0.0 -36.62734175729205 6.976045520965997 31.299464454153537 9.19 -2.91 1.3 9.75 -1.03 -0.49 0.2 0.06 -0.28 0.16 0.05 -0.15
68.02495318649966 0.0 -36.32877964952932 6.783744661765212 30.71340558905173 9.22 -3.14 1.42 9.68 -1.18 -0.31 0.12 0.05 -0.27 0.02 0.11 -0.1
67.32115991707606 0.0 -36.04999497633708 6.576834208887263 30.12772107073765 9.33 -3.03 1.49 9.66 -1.08 -0.26 0.12 0.07 -0.25 0.07 0.1 -0.06
66.65204739834306 0.0 -35.72997657139114 6.337653320923721 29.45178222423651 9.28 -2.74 1.44 9.81 -0.89 -0.4 0.04 0.08 -0.23 0.02 -0.01 -0.06
65.91011504501095 0.0 -35.50437931751579 6.169650282646742 28.97207500914044 9.2 -2.76 1.57 9.69 -1.24 -0.01 -0.01 0.07 -0.23 -0.04 0.05 -0.06
65.18608774855605 0.0 -35.30845683740552 5.985882760912574 28.498726043432214 9.09 -2.66 1.67 9.44 -1.1 0.08 0.0 0.05 -0.2 0.02 0.01 -0.09
64.50533031955733 0.0 -34.95929480012901 5.7571143906448015 27.799446655707555 8.99 -2.71 1.7 9.68 -0.95 -0.3 0.01 0.02 -0.18 0.05 0.03 -0.11
63.75525310708288 0.0 -34.74793864447214 5.568144604816766 27.29677918824939 9.12 -2.55 1.71 9.5 -1.02 0.01 0.1 0.02 -0.16 0.05 0.07 -0.12
62.9792476405093 0.0 -34.425868783126454 5.357587458009675 26.646838990816605 9.45 -2.2 1.85 9.66 -1.0 -0.2 0.05 0.05 -0.14 0.0 0.06 -0.13
62.24004858301784 0.0 -34.166457262436815 5.127487339689267 26.025798528030094 9.33 -2.35 1.87 9.95 -0.85 -0.13 -0.05 0.07 -0.17 0.03 0.04 -0.14
61.43343298321285 0.0 -33.95866572513524 4.911669713211708 25.47277792110647 9.67 -2.54 1.84 10.0 -0.86 0.03 -0.02 0.07 -0.2 -0.02 0.07 -0.11
60.65655881268276 0.0 -33.66262827475498 4.660983606835117 24.771531469098576 9.72 -2.27 1.75 10.11 -0.66 -0.19 -0.0 0.08 -0.22 -0.06 0.06 -0.09
59.884680379829945 0.0 -33.37195890029107 4.3986573340602035 24.049005130629837 9.73 -2.09 1.72 10.12 -0.49 -0.25 -0.02 0.08 -0.22 -0.06 0.06 -0.12
59.0447452343354 0.0 -33.09773001644849 4.199623308753658 23.44317173934631 9.71 -2.03 1.69 10.04 -0.88 -0.07 -0.06 0.1 -0.22 -0.14 0.05 -0.13
58.226549856787095 0.0 -32.76175372167236 3.9880410763908287 22.753789904975747 9.59 -2.23 1.68 10.09 -0.92 -0.17 -0.07 0.08 -0.22 -0.08 0.05 -0.16
57.36050752697136 0.0 -32.52967901673875 3.813330834288422 22.22211816073785 9.6 -2.41 1.77 9.99 -1.13 0.11 -0.01 0.06 -0.25 -0.03 0.04 -0.18
56.52305307761834 0.0 -32.215981293927975 3.609706374315664 21.55969913448473 9.55 -2.49 1.78 10.05 -1.03 -0.04 0.05 0.05 -0.27 0.02 0.02 -0.18
55.73207988427125 0.0 -31.87453544905699 3.370816924869132 20.801997562477567 9.38 -2.41 1.86 9.88 -0.7 -0.21 0.05 0.07 -0.24 0.04 0.01 -0.15
54.89925030958965 0.0 -31.63353858605036 3.157175888294404 20.17485991361069 9.44 -2.52 1.91 9.95 -0.76 0.01 0.09 0.06 -0.26 0.07 -0.01 -0.1
54.06947798240559 0.0 -31.3665685570581 2.917618674547043 19.466753373659415 9.56 -2.36 1.85 10.07 -0.58 -0.04 0.11 0.04 -0.22 0.09 0.01 -0.06
53.239693779642245 0.0 -31.08397880580417 2.6765269218864063 18.732847833718296 9.55 -2.27 1.95 10.04 -0.5 -0.07 0.13 0.04 -0.18 0.11 0.0 -0.04
52.41297448069748 0.0 -30.823304278475693 2.42205226617493 17.979696594021817 9.56 -2.04 1.96 10.06 -0.34 -0.06 0.08 0.05 -0.1 0.1 0.01 -0.03
51.56738684765763 0.0 -30.620784217510387 2.205055567942125 17.34321697240263 9.42 -2.16 1.96 9.96 -0.52 0.13 0.04 0.02 -0.05 0.05 0.02 -0.01
50.71275288446849 0.0 -30.41087584203276 1.9648407253432225 16.63942620931492 9.61 -2.12 1.93 9.96 -0.37 0.12 0.05 0.01 0.01 0.08 0.02 0.01
49.85089143028752 0.0 -30.098585494213168 1.731416977400599 15.856086099575606 9.62 -2.09 1.98 9.99 -0.44 -0.02 0.03 0.0 0.05 0.02 0.01 0.04
48.980360597481024 0.0 -29.908576230433987 1.5107279730646184 15.188615300096657 9.5 -1.82 1.91 9.91 -0.46 0.18 0.02 0.01 0.09 -0.0 0.04 0.07
48.09417023953377 0.0 -29.670075564441746 1.2912238587300777 14.474166257689404 9.57 -1.75 1.9 10.04 -0.52 0.16 -0.07 -0.0 0.11 -0.06 0.02 0.06
47.187930550020766 0.0 -29.318976025903872 1.0999516388038444 13.731873416474997 9.58 -1.99 2.07 10.07 -0.8 0.05 -0.08 -0.01 0.09 -0.08 0.01 0.07
46.2649078664865 0.0 -29.063953969797865 0.9206142089225011 13.08583664930562 9.6 -1.99 2.04 9.96 -0.89 0.2 -0.01 -0.01 0.08 0.02 0.03 0.06
45.38999181992347 0.0 -28.705891222861787 0.6885005303466443 12.22091402961658 9.58 -1.86 2.16 9.94 -0.54 -0.03 0.03 -0.0 0.08 0.05 -0.01 0.05
