0.0 0.0 0.0 0.0 0.0 7.78 -7.3 1.12 9.0 -5.27 0.23 -0.22 -0.24 1.1 -0.23 -0.17 1.04
0.03564470533834907 0.04683504705202779 0.0667072883468385 0.04282899706350207 -0.06094469848277129 7.37 -7.58 1.14 8.53 -5.31 -0.01 -0.16 -0.25 1.12 -0.1 -0.24 1.08
0.01718027034852554 0.09314591181698972 0.16654645255528883 0.10514489348668121 -0.15261559277168146 7.4 -7.52 0.94 8.46 -5.5 -0.19 -0.19 -0.19 1.15 -0.08 -0.25 1.17
0.02093156026568721 0.1019705921810754 0.23852104615706687 0.1621285724527155 -0.21990521777625816 7.28 -7.58 0.84 8.6 -5.62 -0.15 -0.37 -0.2 1.19 -0.09 -0.26 1.2
0.06262762182952031 0.19951827314163495 0.3959055799418166 0.24432303484121576 -0.3652327666817996 7.12 -8.02 0.96 8.89 -6.02 -0.46 -0.32 -0.23 1.21 -0.22 -0.31 1.2
0.045406350244221017 0.2111824632079049 0.4686257359825129 0.3983176325611595 -0.44114549112677537 6.97 -8.18 0.91 8.3 -6.27 -0.23 -0.21 -0.24 1.23 -0.08 -0.25 1.17
0.037136735583921165 0.2030479880306899 0.5486063345833007 0.5619974239646339 -0.5246565254248878 6.65 -8.19 0.76 8.02 -6.36 -0.22 -0.22 -0.24 1.24 -0.08 -0.24 1.17
0.010821507494860327 0.22430546690107178 0.6506085588526789 0.7718081862372941 -0.6319762430169504 6.35 -8.27 0.77 7.68 -6.63 -0.29 -0.21 -0.25 1.25 -0.07 -0.24 1.15
0.0 0.21520534071621 0.7319226555444996 0.9807648468243215 -0.7205489338861355 6.25 -8.21 0.68 7.71 -6.8 -0.23 -0.1 -0.25 1.22 0.07 -0.26 1.12
0.0 0.2279486644511195 0.8410200818892453 1.2053199528853114 -0.8363021175022993 6.09 -8.06 0.6 7.61 -6.95 -0.33 -0.09 -0.25 1.21 0.06 -0.23 1.05
0.0 0.2009998135726505 0.9336948863620904 1.4365231965518248 -0.9374337452186978 5.67 -8.32 0.52 7.31 -6.9 -0.3 -0.07 -0.26 1.18 0.14 -0.23 1.01
0.0 0.2069928359219091 1.0480710923812824 1.6793384131122124 -1.0602402210730872 5.42 -8.37 0.55 7.17 -6.97 -0.39 -0.1 -0.29 1.14 0.11 -0.2 1.0
0.0 0.2093493081395792 1.1772499127173257 1.9531486543254175 -1.1998293809428446 5.17 -8.62 0.49 6.94 -7.14 -0.48 -0.03 -0.26 1.12 0.08 -0.2 0.97
0.0 0.2194959948284776 1.3144715716786735 2.265228842857205 -1.350377061718035 4.94 -8.45 0.41 6.77 -7.45 -0.55 0.01 -0.24 1.08 0.07 -0.2 0.94
0.0 0.16909217309461155 1.40346527583979 2.578134451469019 -1.4542160610492658 4.71 -8.41 0.31 6.57 -7.47 -0.39 -0.04 -0.23 1.02 0.09 -0.19 0.9
0.0 0.13897822237629498 1.5131737002630887 2.904625784001219 -1.5797010280111294 4.33 -8.68 0.33 6.3 -7.49 -0.45 -0.13 -0.21 0.99 0.08 -0.19 0.87
0.0 0.1358544315996113 1.6351898470377382 3.2490691699340957 -1.7191568290160575 4.13 -8.92 0.42 6.18 -7.64 -0.52 -0.09 -0.2 0.94 -0.02 -0.2 0.87
0.0 0.14551619215846756 1.7682787630705348 3.6372754563127643 -1.8731748622834914 3.96 -8.96 0.42 6.02 -7.99 -0.6 -0.02 -0.18 0.9 -0.02 -0.17 0.86
0.0 0.0858587021061652 1.8463149466297564 4.018537627503051 -1.9706849390161665 3.82 -8.93 0.34 5.99 -8.06 -0.4 -0.04 -0.17 0.88 0.0 -0.14 0.82
0.0 0.04133438346477192 1.9639651739900144 4.420628763137167 -2.1109012069981077 3.45 -9.06 0.2 5.73 -8.13 -0.54 -0.09 -0.15 0.84 0.01 -0.17 0.78
0.0 0.029184858555993287 2.0856828572688797 4.873287456969543 -2.258856850431954 3.06 -9.42 0.34 5.43 -8.45 -0.6 -0.14 -0.15 0.82 -0.03 -0.17 0.78
0.0 0.0 2.18370681638805 5.34542708205484 -2.3830554351254847 2.89 -9.73 0.17 5.23 -8.65 -0.53 -0.03 -0.14 0.8 -0.02 -0.16 0.79
0.0 0.0 2.2518914552692975 5.8004068498554275 -2.4741140863608138 2.68 -9.64 0.13 5.19 -8.61 -0.39 -0.04 -0.14 0.79 0.07 -0.16 0.77
0.030692200393843905 0.0 2.3847356395864243 6.297649385800753 -2.6386638124773327 2.26 -9.76 0.13 4.72 -8.68 -0.67 -0.12 -0.13 0.83 0.04 -0.19 0.75
0.09096656207523779 0.0 2.4814211007547424 6.80931196709642 -2.7642625780124206 2.13 -10.18 0.02 4.59 -8.84 -0.58 -0.07 -0.16 0.86 0.01 -0.16 0.79
0.14253305052990584 0.0 2.5862793306407648 7.336462172271936 -2.9001882882475343 1.85 -10.15 -0.2 4.66 -9.14 -0.63 -0.03 -0.15 0.87 0.09 -0.16 0.81
0.17532386992619564 0.0 2.681388465632544 7.89645600511971 -3.026806950355308 1.62 -10.14 -0.05 4.32 -9.28 -0.61 -0.04 -0.18 0.86 0.09 -0.19 0.82
0.1989254436939092 0.0 2.779517061100907 8.491132891113928 -3.1588086910114157 1.36 -10.23 -0.06 3.85 -9.37 -0.64 -0.02 -0.18 0.88 0.11 -0.16 0.82
0.228870142519348 0.0 2.8940474853636227 9.059557522563203 -3.309489907761275 1.27 -10.05 -0.3 3.86 -9.29 -0.75 0.02 -0.17 0.89 0.16 -0.22 0.84
0.2751646684953286 0.0 2.9950781419772015 9.640540769872622 -3.4450619160597853 0.89 -9.9 -0.18 3.76 -9.35 -0.73 -0.06 -0.19 0.86 0.1 -0.22 0.85
0.3077674664655774 0.0 3.066400520506532 10.269486988703896 -3.5466421310275678 0.74 -10.2 0.09 3.36 -9.53 -0.59 -0.0 -0.21 0.82 0.07 -0.22 0.87
0.2945481447425209 0.0 3.1066237122175564 10.895139472857949 -3.609487624711605 0.76 -9.78 0.13 3.13 -9.46 -0.39 0.1 -0.19 0.83 0.08 -0.17 0.87
0.2988652902816611 0.0 3.1738630779789117 11.513457582482467 -3.705619280118853 0.56 -9.55 0.18 3.13 -9.46 -0.49 0.07 -0.16 0.82 0.17 -0.25 0.83
0.30277502730159966 0.0 3.2466998668077744 12.155844246783978 -3.8097618586277946 0.32 -9.52 0.13 2.98 -9.59 -0.55 0.07 -0.14 0.76 0.13 -0.24 0.84
0.29262480867604523 0.0 3.2838400621832697 12.810372924393228 -3.868047229762226 0.31 -9.56 0.23 2.77 -9.61 -0.37 0.12 -0.13 0.67 0.13 -0.2 0.85
0.257086390640211 0.0 3.287487252135904 13.485820261528971 -3.8821188545720986 0.18 -9.34 0.3 2.52 -9.68 -0.13 0.12 -0.1 0.6 0.27 -0.27 0.8
0.2546475692952157 0.0 3.327582567079242 14.159855478044165 -3.9436612037817724 -0.1 -9.34 0.45 2.43 -9.68 -0.28 0.11 -0.09 0.55 0.28 -0.33 0.73
0.24537393178778188 0.0 3.3849593045518227 14.829528040712788 -4.028147059414096 -0.17 -9.2 0.45 2.09 -9.35 -0.41 0.09 -0.07 0.5 0.24 -0.21 0.73
0.3040311366709503 0.0 3.389037457936608 15.454288496568758 -4.037830389554571 -0.4 -9.17 0.59 2.14 -8.95 -0.11 0.07 -0.06 0.51 0.23 -0.21 0.67
0.34293250448575563 0.0 3.421778889562437 16.117268604689116 -4.087771217530346 -0.58 -9.26 0.48 1.89 -8.99 -0.23 0.09 -0.06 0.53 0.04 -0.16 0.64
0.3496494928241667 0.0 3.4050385236056524 16.826355998173995 -4.06866359875697 -0.72 -9.36 0.52 1.74 -9.41 0.07 0.17 -0.08 0.49 -0.05 -0.08 0.63
0.32000183101023083 0.0 3.3967099243961165 17.591641455020543 -4.0618570174817705 -0.96 -9.35 0.74 1.35 -9.79 0.09 0.16 -0.09 0.49 -0.05 0.01 0.61
0.30528821651470395 0.0 3.389101122499506 18.353782751943534 -4.05483777008638 -1.15 -9.36 0.59 1.02 -9.65 0.12 0.18 -0.1 0.52 0.05 0.0 0.52
0.30005669689910874 0.0 3.391724972297493 19.10840650849093 -4.06162807521271 -1.24 -9.36 0.59 1.09 -9.77 0.06 0.25 -0.1 0.52 0.12 -0.01 0.5
0.26110947491490677 0.0 3.414378994598767 19.89870517345689 -4.098648143645704 -1.36 -9.24 0.65 0.83 -9.93 -0.1 0.28 -0.09 0.47 0.08 0.09 0.53
0.25239408086328297 0.0 3.412558799168206 20.672936356793464 -4.09749058126846 -1.56 -9.13 0.76 0.69 -9.72 0.04 0.23 -0.09 0.44 0.16 0.08 0.5
0.2753139938309772 0.0 3.4243276602158246 21.430239719209943 -4.1159589237945795 -1.77 -9.05 0.82 0.64 -9.48 -0.03 0.19 -0.06 0.44 0.21 -0.04 0.41
0.28502087617092187 0.0 3.429019931199728 22.201839776248846 -4.122949351135048 -1.85 -9.03 0.82 0.57 -9.54 0.01 0.21 -0.07 0.42 0.11 -0.02 0.37
0.26220133220454755 0.0 3.428538218690771 22.98646466241963 -4.121096756067786 -1.79 -8.88 0.85 0.47 -9.62 0.06 0.19 -0.05 0.37 0.1 -0.02 0.35
0.27447719102490353 0.0 3.4121064368908818 23.78952003023702 -4.092718995553554 -2.17 -8.99 0.86 0.29 -9.7 0.21 0.12 -0.04 0.31 0.08 -0.01 0.33
0.29391410384872074 0.0 3.406824162115056 24.567317027816756 -4.080790777816958 -2.07 -9.13 1.03 0.38 -9.61 0.17 0.12 -0.05 0.29 0.03 0.0 0.32
0.2899710169930607 0.0 3.3952985266824998 25.375113547242528 -4.057841811585902 -2.21 -8.98 1.01 0.14 -9.66 0.23 0.16 -0.04 0.27 0.11 0.01 0.27
0.28212297875535697 0.0 3.386299323871896 26.18535364983076 -4.037810522217711 -2.29 -8.83 0.98 0.11 -9.77 0.23 0.15 -0.04 0.26 0.11 0.0 0.25
0.30413682141919907 0.0 3.381945150314817 27.001642754959086 -4.024516485246494 -2.44 -9.29 1.02 0.04 -9.84 0.2 0.12 -0.02 0.21 0.08 -0.04 0.23
0.30902354511083985 0.0 3.374280464512759 27.789264962417864 -4.003644967453198 -2.24 -9.08 1.03 0.21 -9.79 0.23 0.1 0.01 0.19 0.13 -0.06 0.24
0.36843808667570954 0.0 3.3683962915293564 28.570027267196465 -3.984554052543814 -2.42 -9.58 1.28 0.22 -9.67 0.23 0.06 0.01 0.15 0.01 -0.03 0.28
0.3867794971634808 0.0 3.3344464922229995 29.383602685242543 -3.9142378078901743 -2.45 -9.57 1.52 0.03 -9.84 0.51 0.16 0.02 0.12 -0.04 0.04 0.3
0.38276072066852507 0.0 3.291345114045573 30.237963206369873 -3.8254040229979864 -2.71 -9.36 1.51 -0.4 -9.89 0.7 0.14 0.03 0.17 -0.04 0.1 0.26
0.3815435078351932 0.0 3.263130251895577 31.08146690215544 -3.7611269654448165 -2.75 -9.29 1.33 -0.41 -9.98 0.64 0.24 0.03 0.18 -0.05 0.06 0.25
0.36621684472487814 0.0 3.2497954982912822 31.908073620215557 -3.7222971614488785 -2.61 -9.02 1.4 -0.22 -10.19 0.5 0.23 -0.0 0.14 0.07 0.04 0.22
0.37479447005603106 0.0 3.222126790996404 32.74030710183277 -3.6538380200644696 -2.75 -9.27 1.58 -0.52 -9.75 0.64 0.28 0.01 0.15 0.28 0.03 0.17
0.4030363482837629 0.0 3.194841242928254 33.54530195956693 -3.5827536988969655 -2.95 -8.46 1.35 -0.6 -9.2 0.69 0.38 -0.01 0.19 0.31 0.04 0.1
0.3835562513080788 0.0 3.198988050741754 34.33749037555377 -3.5716134429118824 -2.49 -8.5 1.42 -0.42 -9.29 0.37 0.44 -0.08 0.17 0.14 0.06 0.09
0.3644754092379614 0.0 3.197260344556239 35.1379256173632 -3.547600842017488 -2.53 -8.17 1.53 -0.26 -9.75 0.36 0.37 -0.07 0.1 0.18 0.07 0.04
0.37067574885630705 0.0 3.1844567533616575 35.93661877295329 -3.4990797018001984 -2.77 -7.84 1.36 -0.57 -9.11 0.49 0.09 -0.05 0.09 0.17 0.09 -0.06
0.3998213662089256 0.0 3.1762088031652405 36.73528420437448 -3.4581000581823105 -2.92 -8.34 1.46 -0.66 -8.98 0.48 -0.03 -0.11 0.05 -0.09 0.09 -0.07
0.3971163687797272 0.0 3.169966564402744 37.56117906591336 -3.4200504000612 -2.9 -8.82 1.72 -0.64 -9.68 0.47 0.09 -0.08 -0.01 -0.1 0.05 -0.07
0.3953917539469316 0.0 3.1557567222992247 38.394343329869656 -3.3624575213670482 -3.06 -8.6 1.7 -0.72 -9.91 0.59 0.06 -0.05 -0.06 -0.04 0.05 -0.08
0.39961736328367436 0.0 3.149331787833661 39.223943774883494 -3.3194909975341176 -3.11 -8.9 1.78 -0.79 -9.91 0.54 -0.06 -0.03 -0.1 -0.08 0.01 -0.07
0.40990578831737423 0.0 3.140973376018166 40.0082655787473 -3.2684197861640314 -2.84 -9.18 1.8 -0.51 -9.84 0.58 -0.04 -0.0 -0.14 -0.07 -0.04 -0.05
0.4446289282568543 0.0 3.138263984751792 40.79608657633416 -3.228091433771283 -3.06 -8.99 1.84 -0.55 -9.72 0.53 -0.11 0.02 -0.12 -0.09 -0.03 -0.09
0.4477370164186283 0.0 3.127514338372098 41.616846475112965 -3.166643302554391 -3.1 -9.57 1.88 -0.78 -9.92 0.66 -0.09 -0.0 -0.13 -0.19 0.01 -0.05
0.482720331078788 0.0 3.1167725323832385 42.359340190572496 -3.0993468729603535 -2.82 -9.52 1.92 -0.19 -10.12 0.72 0.0 -0.01 -0.11 -0.11 -0.03 -0.04
0.5034373653370565 0.0 3.1185748994546514 43.13612473300414 -3.06172763509808 -2.96 -9.46 1.74 -0.43 -10.02 0.57 -0.0 -0.0 -0.07 -0.04 -0.01 -0.06
0.5062301907319551 0.0 3.115446483773362 43.90956048754925 -3.008242096245553 -2.86 -9.46 1.85 -0.44 -10.15 0.64 -0.02 -0.03 -0.07 -0.02 -0.0 -0.05
0.5455267296101454 0.0 3.108858054986923 44.65208268219824 -2.9404987170175616 -2.93 -9.44 1.96 -0.32 -9.92 0.74 -0.01 -0.04 -0.02 0.05 -0.0 -0.08
0.5542212552545109 0.0 3.114403698794788 45.40445162817275 -2.90321441370331 -2.83 -9.56 1.85 -0.43 -9.83 0.58 0.03 -0.04 -0.0 0.02 -0.01 -0.05
0.5787320247072216 0.0 3.1173364358741003 46.12959732742178 -2.8541826765258946 -2.77 -9.31 1.94 -0.24 -9.96 0.62 0.01 -0.04 0.01 0.02 0.01 -0.03
0.6018845599343976 0.0 3.119134569900348 46.87955613007545 -2.7991613178137698 -2.98 -9.22 1.93 -0.48 -9.85 0.67 -0.04 -0.04 0.03 -0.01 0.04 -0.04
0.6178418543392468 0.0 3.123839256162072 47.60235019848109 -2.7476732889547293 -2.82 -9.44 1.92 -0.36 -9.85 0.66 -0.04 -0.04 0.04 -0.01 -0.0 -0.03
0.652063937496024 0.0 3.1311158463014714 48.31619780371375 -2.6999752436494617 -2.92 -9.56 2.0 -0.28 -10.05 0.64 0.01 -0.03 0.04 0.0 0.0 -0.01
0.6752717823961589 0.0 3.135094515460337 49.038313395418506 -2.6369174848206427 -2.95 -9.15 1.94 -0.44 -9.77 0.74 0.09 -0.03 0.06 0.05 0.02 -0.01
0.7151416556080861 0.0 3.146587603094847 49.71865464071143 -2.5929259584252407 -2.79 -8.67 1.67 -0.23 -9.51 0.63 -0.01 -0.02 0.07 0.0 -0.03 -0.04
0.744881304816893 0.0 3.165905371283214 50.395506936744894 -2.574800961609938 -2.75 -9.24 1.72 -0.13 -9.9 0.44 -0.1 -0.05 0.01 -0.09 -0.04 -0.02
0.7607615525665992 0.0 3.1752761686125726 51.085599520155505 -2.514371290722437 -2.78 -9.25 1.99 -0.25 -10.02 0.68 0.03 -0.05 -0.03 0.01 -0.0 -0.01
0.7847067059478618 0.0 3.1853245377423676 51.76214717357317 -2.4486843239845797 -2.77 -9.04 1.87 -0.3 -9.53 0.76 0.09 -0.04 -0.02 0.02 -0.03 -0.02
0.8219023296996824 0.0 3.20328027399963 52.42924169035008 -2.411430926945357 -2.8 -8.53 1.81 -0.28 -9.55 0.6 -0.01 -0.06 -0.04 -0.06 -0.06 -0.04
0.8467221458967771 0.0 3.2217885432476008 53.092844302185576 -2.371586574749287 -2.81 -8.94 1.96 -0.28 -9.76 0.59 -0.06 -0.08 -0.04 -0.04 0.01 -0.06
0.8735457863654688 0.0 3.2397234126157888 53.74654695366495 -2.321296994452382 -2.82 -9.08 1.97 -0.28 -9.62 0.65 0.03 -0.08 -0.01 0.01 0.02 -0.09
0.879089971857077 0.0 3.259762282115011 54.389622690270336 -2.2740920834915954 -2.62 -9.04 1.96 -0.22 -9.95 0.65 0.1 -0.07 -0.07 -0.03 -0.03 -0.05
0.9269710246819045 0.0 3.2815402164516776 55.011650203174064 -2.2264121261829786 -2.72 -8.54 2.07 -0.12 -9.78 0.65 -0.11 -0.03 -0.08 -0.02 -0.04 -0.08
0.9476422992575451 0.0 3.3059033377411446 55.6393444453336 -2.190538686149978 -2.78 -9.29 2.24 -0.2 -9.69 0.57 -0.16 -0.04 -0.09 -0.16 -0.0 -0.08
0.9675680455553533 0.0 3.3292024480633367 56.2443004003748 -2.130467312008207 -2.7 -9.58 2.2 -0.07 -10.04 0.73 0.06 -0.02 -0.12 -0.14 0.01 -0.04
0.9831597026358381 0.0 3.3527387971942373 56.84806592308914 -2.05484637805165 -2.61 -9.17 2.25 -0.1 -10.0 0.88 0.08 0.01 -0.11 -0.01 -0.0 -0.05
0.9979829392675086 0.0 3.3771383298486444 57.4835510893166 -1.9760128121821197 -2.85 -8.88 2.3 -0.42 -9.9 0.96 -0.04 -0.0 -0.08 0.02 0.01 -0.09
1.0245657105406707 0.0 3.406851751708945 58.06915113396338 -1.9269164712402471 -2.74 -9.19 2.08 -0.17 -9.95 0.77 0.02 -0.01 -0.07 0.08 0.0 -0.11
1.0418027796527625 0.0 3.4404284351540353 58.62901110352889 -1.9290474686903991 -2.49 -9.16 1.98 0.01 -9.62 0.34 0.0 0.02 -0.09 0.12 -0.03 -0.08
1.0982490142235193 0.0 3.4734917174030304 59.18488908802491 -1.9012117638632446 -2.74 -9.03 2.03 0.04 -9.63 0.44 -0.09 0.05 -0.11 -0.11 0.01 -0.07
1.0891156031171292 0.0 3.5057353916511436 59.78858761577957 -1.828007207783898 -2.78 -9.26 2.04 -0.38 -9.75 0.79 -0.11 0.02 -0.11 -0.22 0.06 -0.07
1.112799469643484 0.0 3.5409054161125164 60.341866509860374 -1.7909378560106006 -2.69 -9.21 1.88 -0.15 -9.85 0.61 -0.08 0.03 -0.09 -0.21 0.04 -0.07
1.1312721133740382 0.0 3.5768518080455705 60.9069700381266 -1.7473288933516642 -2.77 -9.15 1.78 -0.28 -10.22 0.65 -0.12 0.02 -0.1 -0.18 0.01 -0.07
1.1574294694367708 0.0 3.6157846661392714 61.44295374747592 -1.692404228314146 -2.76 -9.31 2.03 -0.13 -9.92 0.72 -0.16 0.01 -0.08 -0.05 0.02 -0.11
1.154883742254249 0.0 3.6540375087120953 61.966805450316 -1.668016971385498 -2.58 -9.68 1.89 -0.06 -9.77 0.51 -0.01 0.0 -0.09 -0.02 -0.01 -0.08
1.18669773077319 0.0 3.6955036091979108 62.47459474054868 -1.6243727052291774 -2.46 -8.84 1.77 0.03 -9.71 0.6 -0.01 -0.0 -0.07 -0.04 0.01 -0.1
1.2191204117065269 0.0 3.7380616223012515 62.97189013117743 -1.5841630142312368 -2.54 -9.04 1.88 0.09 -9.5 0.58 -0.16 -0.04 -0.06 -0.11 0.02 -0.12
1.2068704214718622 0.0 3.785284958297827 63.46265254918087 -1.5204427405510899 -2.41 -9.66 1.97 0.07 -9.89 0.77 0.05 -0.05 -0.08 -0.01 -0.0 -0.1
1.2573313752758892 0.0 3.8410028080784095 63.917294384293875 -1.4250682164045827 -2.24 -8.54 1.92 0.3 -9.83 1.04 0.16 -0.04 -0.07 0.28 -0.04 -0.14
1.3056896019017188 0.0 3.8918300817443567 64.38945783029601 -1.3651121081286703 -2.25 -7.85 2.06 0.23 -8.96 0.83 -0.03 -0.06 -0.04 0.27 0.05 -0.28
1.3119167473414564 0.0 3.9351529731191124 64.82930225403217 -1.3569530383957016 -1.81 -8.03 1.86 0.43 -8.7 0.4 -0.09 -0.06 -0.03 0.01 0.1 -0.35
1.3847006992040463 0.0 3.984880780942775 65.17750565287065 -1.3404147868438088 -1.46 -7.74 1.86 1.12 -8.9 0.33 -0.09 -0.03 -0.11 -0.12 0.08 -0.38
1.4836576887888242 0.0 4.031000138837094 65.5390573891437 -1.3367509749317321 -1.58 -7.34 1.66 1.16 -8.77 0.19 -0.34 0.0 -0.19 -0.36 0.14 -0.48
1.50169741278809 0.0 4.076699290996697 65.94658196533155 -1.32448713614464 -1.57 -7.81 1.57 0.75 -9.04 0.24 -0.49 0.01 -0.32 -0.57 0.15 -0.52
1.5582734336795596 0.0 4.137683173044772 66.2914464660401 -1.2679587974066493 -1.4 -7.78 1.6 1.05 -9.41 0.57 -0.48 0.0 -0.42 -0.56 0.2 -0.63
1.6469660883073942 0.0 4.182766064306469 66.6243972539867 -1.2734524066437984 -1.77 -8.3 1.56 1.14 -9.52 0.2 -0.43 -0.0 -0.52 -0.57 0.21 -0.73
1.6819442905087243 0.0 4.233298385192357 66.94168738356632 -1.2620630366170218 -1.26 -8.34 1.2 1.2 -9.82 0.26 -0.3 0.03 -0.66 -0.39 0.19 -0.78
1.7805330897506622 0.0 4.279532218114356 67.22332810577139 -1.270323896428195 -1.29 -7.96 1.19 1.52 -9.35 0.08 -0.46 0.03 -0.73 -0.26 0.17 -0.91
1.7900232702483265 0.0 4.3035147573609 67.51138588399627 -1.343520206447721 -1.34 -9.46 1.42 1.41 -9.87 -0.41 -0.42 0.06 -0.91 -0.42 0.12 -0.86
1.824759124561993 0.0 4.356545323834026 67.7249906153219 -1.3375358752182365 -0.7 -9.17 1.2 1.94 -9.86 0.01 -0.31 0.11 -1.0 -0.32 0.13 -0.84
1.876843889537355 0.0 4.394491371704426 67.94146138221987 -1.3733640239158973 -0.79 -9.25 1.1 2.08 -9.29 -0.24 -0.3 0.16 -1.02 -0.31 0.12 -0.92
1.9059990914139888 0.0 4.418962061853632 68.14204960655054 -1.4455058600323127 -0.4 -9.11 0.75 2.17 -9.43 -0.54 -0.41 0.18 -1.07 -0.47 0.1 -0.95
1.9752418877329632 0.013183340866874005 4.455375121589436 68.26392169781535 -1.4917866144925256 -0.41 -9.84 0.89 2.74 -9.64 -0.45 -0.56 0.19 -1.14 -0.47 0.11 -0.94
1.9239960394780269 0.04622414777837491 4.48903325300303 68.41042589446543 -1.5386743331591646 0.36 -9.99 0.84 2.65 -9.58 -0.44 -0.45 0.24 -1.11 -0.43 0.14 -0.93
1.9627348309171424 0.022989713928225797 4.526665871390274 68.49758854246346 -1.5797782926298396 0.52 -9.58 0.46 3.12 -9.29 -0.42 -0.42 0.27 -1.08 -0.37 0.18 -0.98
2.01577560779441 0.04225042128345535 4.557143564565545 68.53483733142642 -1.6425378470184882 0.53 -10.1 0.59 3.53 -9.54 -0.57 -0.48 0.24 -1.18 -0.38 0.1 -0.95
1.9932080541445885 0.03195738135366355 4.603573321875257 68.57996968880491 -1.6607124522860914 1.1 -10.07 0.64 3.53 -9.58 -0.27 -0.42 0.24 -1.15 -0.39 0.19 -0.96
1.996542606575133 0.007670306076207112 4.63690999025146 68.59028766402888 -1.713778730607828 1.47 -9.75 0.3 3.85 -9.17 -0.48 -0.27 0.19 -1.09 -0.29 0.23 -1.08
2.044429069930729 0.0 4.654954831615119 68.53056477922613 -1.8094293044721326 1.59 -10.07 0.11 4.44 -9.09 -0.85 -0.16 0.18 -1.17 -0.21 0.16 -1.05
2.0393760955999483 0.0 4.687326317075039 68.46972294197555 -1.8650010128690724 2.2 -9.66 0.24 4.53 -9.17 -0.65 -0.34 0.24 -1.16 -0.07 0.17 -1.02
2.052688141638413 0.0 4.710971987696206 68.3869457394537 -1.9411334139373935 2.51 -9.31 -0.11 4.77 -8.78 -0.79 -0.49 0.21 -1.04 -0.06 0.23 -1.15
2.0641619406249703 0.0 4.723731494309374 68.29401519367342 -2.0413848570404554 1.77 -11.07 0.27 4.89 -8.51 -1.0 -0.19 0.08 -1.17 -0.2 0.12 -1.14
1.9727049938481258 0.0 4.752707022603718 68.17006575973515 -2.099723816367046 3.04 -10.63 0.28 4.99 -9.21 -0.73 0.17 0.23 -1.2 -0.2 0.19 -0.91
2.0544339554651003 0.0 4.799641406806973 68.01253868053891 -2.11317078580754 3.16 -8.32 -0.2 5.33 -8.72 -0.37 -0.39 0.29 -1.1 -0.02 0.23 -1.0
2.090603906223862 0.0 4.816048917131001 67.83379167942476 -2.204648873240046 2.46 -10.52 0.24 5.63 -8.03 -0.86 -0.48 0.1 -1.12 -0.34 0.13 -1.1
1.9785637323349476 0.0 4.82897260310001 67.60870566982763 -2.305412224476541 3.47 -11.69 0.77 5.88 -8.86 -1.01 0.46 0.06 -1.22 -0.41 0.15 -0.93
1.9188046107561831 0.055284582593657206 4.853208539299317 67.4991544632516 -2.361882305687317 3.59 -8.95 0.63 4.98 -8.93 -0.7 0.5 0.32 -1.12 0.17 0.28 -0.88
1.9529905199670168 0.010262927492689755 4.888944777722726 67.29038266309723 -2.3932768135304343 3.79 -8.19 0.09 5.66 -7.89 -0.51 -0.24 0.35 -1.04 0.29 0.09 -0.9
1.9606839868022234 0.04151732170872435 4.895106021594554 66.96453290171821 -2.512261327945467 4.13 -9.87 0.12 6.7 -7.43 -1.14 -0.19 0.32 -1.1 -0.22 0.03 -0.9
1.9308806881563356 0.09212381552188731 4.9058532592661335 66.6241640674431 -2.615280335070267 4.56 -10.25 0.29 6.89 -8.4 -1.14 0.02 0.37 -1.26 -0.23 0.08 -0.73
1.8724910983054315 0.11505794390727431 4.944454827158523 66.32197030600382 -2.63065408171893 4.75 -9.81 0.62 6.7 -8.08 -0.51 0.11 0.33 -1.2 -0.15 0.27 -0.66
1.860184317106146 0.1429164229460156 4.994489434743472 65.94919080845214 -2.614906094023681 5.29 -8.86 0.79 7.29 -7.14 -0.16 0.16 0.26 -1.06 -0.11 0.3 -0.78
1.8045024723292329 0.18060570721439717 5.030963631518346 65.59660164375822 -2.638946367169993 5.41 -9.05 0.73 7.2 -6.92 -0.32 0.3 0.23 -1.05 -0.2 0.29 -0.83
1.7636444324017049 0.19763122735196248 5.05975962952079 65.22078417800287 -2.6877359424197067 5.76 -8.42 0.34 7.25 -7.51 -0.51 0.19 0.23 -1.03 -0.1 0.35 -0.8
1.7235277336529151 0.2910900655109714 5.0885688882770985 64.80960669651775 -2.7360867246847533 5.95 -8.4 0.73 7.54 -7.09 -0.58 0.1 0.18 -0.99 0.04 0.35 -0.84
1.6609824756673106 0.40332090365075146 5.1187868091870286 64.4250022621639 -2.7734904889792205 5.81 -8.56 1.04 7.37 -6.64 -0.52 0.24 0.17 -0.98 -0.01 0.31 -0.87
1.5933192571139045 0.4711288777037623 5.148900154931575 63.97568061773853 -2.8136518418719447 6.38 -8.47 0.76 7.78 -6.67 -0.55 0.4 0.18 -0.99 -0.09 0.36 -0.79
1.5537675689223747 0.5242771720314323 5.1867303348607985 63.52538993363644 -2.8163763005024407 6.56 -7.46 0.72 7.84 -6.37 -0.27 0.32 0.15 -0.98 -0.02 0.4 -0.8
1.4995435237381756 0.5909992886976738 5.222221299365351 63.05257255671787 -2.8293811265171342 6.9 -7.08 0.67 8.02 -5.86 -0.29 0.14 0.16 -0.91 -0.01 0.35 -0.89
1.476477478520252 0.6592416790956861 5.2525100437050165 62.544105960847745 -2.870950409037391 6.97 -6.96 0.48 8.29 -5.68 -0.51 0.01 0.1 -0.87 -0.12 0.34 -1.02
1.4128936776576069 0.7500484058474655 5.282706647196701 62.04931204550881 -2.9066661817838906 6.95 -7.44 0.68 8.19 -5.57 -0.51 0.05 0.06 -0.93 -0.21 0.28 -0.99
1.3318852143514661 0.8774897734289056 5.312286344569757 61.58952309610748 -2.936335213071871 6.76 -7.37 0.99 7.8 -6.17 -0.45 0.11 0.07 -0.99 -0.21 0.29 -0.89
1.2505750165061187 0.9617611659592455 5.344453641944993 61.07500574692205 -2.945739426077097 7.2 -7.05 0.82 8.08 -6.11 -0.3 0.13 0.11 -1.0 -0.06 0.24 -0.88
1.219856158731318 1.0314177989333047 5.380092540823165 60.46655762310954 -2.926907226696912 7.64 -6.71 0.8 8.84 -5.33 -0.08 0.07 0.11 -1.0 -0.01 0.19 -0.93
1.1785381170729607 1.1647262519371537 5.412789277756037 59.90206048142389 -2.936024264961702 7.39 -6.65 1.07 8.63 -4.59 -0.22 0.09 0.06 -1.01 -0.06 0.17 -1.02
1.0854120469958062 1.3063460976625407 5.4451918713509695 59.33315328794939 -2.931381864830186 7.69 -6.7 1.24 8.58 -4.53 -0.13 0.13 0.07 -0.97 -0.14 0.16 -0.98
1.0416905579136042 1.4249052826834827 5.478951628122725 58.67609997915119 -2.9327493051431333 8.08 -6.44 1.01 9.2 -4.72 -0.19 0.03 0.09 -0.95 -0.16 0.19 -0.88
0.9792618019814086 1.5705290553828206 5.511442081061897 58.01928628307823 -2.9239220336000926 8.26 -6.29 1.18 9.28 -4.56 -0.12 -0.03 0.09 -0.96 -0.22 0.24 -0.89
0.8966724087237452 1.69478786211414 5.538699515756931 57.39262975477473 -2.874420684664784 8.18 -6.16 1.34 9.01 -4.11 0.23 -0.05 0.07 -0.94 -0.27 0.19 -0.92
0.8408338108874958 1.8447144486640639 5.570572483527881 56.73305345384407 -2.8603209763978725 8.15 -6.13 1.31 9.15 -4.21 0.03 -0.11 0.12 -0.89 -0.33 0.14 -0.88
0.7535945169202236 2.0089440579737072 5.603448328900213 56.06147432441067 -2.854488850566071 8.34 -6.43 1.35 9.2 -4.25 -0.07 -0.04 0.13 -0.91 -0.34 0.17 -0.78
0.6829948392954961 2.1528367585882933 5.62837290525744 55.374790029498044 -2.8126944545669232 8.43 -5.79 1.34 9.27 -4.24 0.18 0.03 0.16 -0.94 -0.26 0.16 -0.71
0.6244840373541152 2.3003608462148577 5.654144310393427 54.64886856933815 -2.773093070258426 8.7 -5.05 1.2 9.52 -3.96 0.2 -0.15 0.14 -0.93 -0.18 0.16 -0.72
0.5626207794966547 2.434146368482857 5.676662664839428 53.91439334924717 -2.7248571176964163 8.7 -5.39 1.2 9.56 -3.56 0.28 -0.28 0.1 -0.93 -0.12 0.13 -0.75
0.4546530952503858 2.6126795869948722 5.699806322123036 53.193397532716205 -2.6824926054805758 8.83 -5.77 1.48 9.4 -3.4 0.26 -0.06 0.07 -0.92 -0.07 0.08 -0.75
0.3509041783602953 2.820449122945533 5.728527730491942 52.483765263483726 -2.6573494060308747 8.81 -4.83 1.46 9.15 -2.88 0.12 0.02 0.14 -0.84 -0.07 0.03 -0.68
0.29696930881539174 3.024801229694006 5.769668313869568 51.73237472054508 -2.657686724226153 8.68 -4.65 1.26 9.36 -2.88 -0.14 -0.24 0.15 -0.83 -0.17 0.03 -0.59
0.23535159758758795 3.209643499812401 5.787702885361632 50.960915771772335 -2.6106009748727104 8.73 -5.02 1.45 9.53 -3.12 0.16 -0.24 0.13 -0.83 -0.27 0.04 -0.5
0.14974452063163568 3.410388133576504 5.798800911566356 50.18084149079292 -2.551773087863822 8.92 -4.98 1.61 9.62 -3.38 0.31 -0.03 0.1 -0.82 -0.19 0.05 -0.48
0.06738937414070989 3.6139833904275775 5.804413584679973 49.386280892297755 -2.4841304123279 9.0 -4.81 1.68 9.64 -3.02 0.42 0.21 0.07 -0.77 -0.03 0.04 -0.5
0.014727940850541188 3.8314305274063827 5.824443832510199 48.556862667670316 -2.437214428066696 9.04 -4.15 1.51 9.79 -2.49 0.27 0.3 0.06 -0.67 0.08 0.04 -0.5
0.0 4.0465207301492825 5.842497991698532 47.715941968199054 -2.387515189363967 9.06 -3.77 1.4 9.8 -2.05 0.25 0.2 0.02 -0.6 0.08 0.03 -0.49
0.0 4.273314293362489 5.857747858994012 46.84783645805343 -2.3328132257104386 9.35 -3.92 1.44 9.97 -1.93 0.26 0.23 -0.04 -0.53 0.09 0.08 -0.44
0.0 4.467316790241242 5.8287380914057465 45.94724628122374 -2.2218517007351153 9.58 -3.51 1.47 10.12 -1.44 0.68 0.32 -0.1 -0.41 0.12 0.09 -0.47
0.0 4.710329080823186 5.834817812614241 45.09446569804702 -2.156511672131373 9.17 -3.17 1.54 9.67 -1.2 0.44 0.29 -0.14 -0.29 -0.04 0.06 -0.48
0.0 4.956803971296907 5.854402549449563 44.23292965920636 -2.105886773399277 8.99 -3.18 1.47 9.66 -1.48 0.28 0.15 -0.18 -0.2 -0.12 0.07 -0.43
0.0 5.203506483988264 5.859598518374705 43.33732907260864 -2.038218094608652 9.34 -3.35 1.48 9.85 -1.52 0.34 0.1 -0.21 -0.12 -0.13 0.16 -0.37
0.0 5.419335549872471 5.833681113420273 42.41790502878476 -1.9387218977024077 9.36 -3.46 1.47 10.04 -1.57 0.57 0.17 -0.26 -0.03 -0.2 0.18 -0.39
0.0 5.63225097683862 5.800533571810524 41.54608886408404 -1.8370085966772933 9.11 -3.57 1.51 9.7 -1.79 0.66 0.32 -0.3 0.01 -0.19 0.16 -0.4
0.0 5.898747741146423 5.81055985688544 40.67741808540466 -1.774687531243032 9.18 -3.36 1.5 9.49 -1.7 0.39 0.39 -0.28 0.03 -0.06 0.13 -0.32
0.0 6.182154748949856 5.853752132034332 39.76202941387289 -1.7371253895662022 9.24 -2.98 1.28 9.61 -1.26 0.11 0.19 -0.21 0.07 0.01 0.08 -0.26
0.0 6.445307337449137 5.87864726111828 38.864774778704806 -1.685871490085617 9.12 -3.18 1.23 9.59 -1.63 0.13 -0.02 -0.17 0.06 -0.13 0.05 -0.19
0.0 6.689646496127892 5.855405049289075 37.95083037982732 -1.5943273163323113 9.17 -3.34 1.36 9.59 -1.44 0.39 -0.03 -0.12 0.02 -0.12 -0.0 -0.11
0.0 6.958907301616293 5.86025477070666 37.01612120243958 -1.5227550139815804 9.2 -3.33 1.36 9.66 -1.26 0.29 -0.02 -0.07 0.0 -0.09 -0.01 -0.04
0.0 7.225687785910992 5.847189691777268 36.07499776898426 -1.43667106995197 9.3 -3.13 1.34 9.74 -1.33 0.37 -0.14 -0.03 0.01 -0.1 -0.03 -0.01
0.0 7.476421391074169 5.819112632032651 35.13074466640334 -1.338665326386618 9.31 -3.41 1.34 9.81 -1.47 0.46 -0.19 -0.01 0.01 -0.08 -0.06 0.0
0.0 7.727475031985918 5.780919929086373 34.16766141443651 -1.2309305805611075 9.33 -3.4 1.36 9.85 -1.26 0.53 -0.11 0.01 0.01 -0.01 -0.06 0.03
0.0 8.00088442380806 5.76342312663835 33.18585070768734 -1.1353507806422982 9.4 -3.19 1.32 9.98 -1.19 0.45 -0.12 0.02 0.05 -0.02 -0.06 0.03
0.0 8.249020608849904 5.70631562839391 32.20840719881796 -1.0115561219843983 9.36 -3.15 1.31 9.98 -1.23 0.61 -0.16 0.01 0.07 -0.03 -0.03 0.01
0.0 8.524545938351409 5.664837297151341 31.228890114441377 -0.8970866717470045 9.45 -3.24 1.43 9.96 -1.21 0.57 -0.11 -0.0 0.09 -0.02 -0.04 0.02
0.0 8.801686642654431 5.635015690606553 30.236331628228506 -0.7879900700793456 9.43 -3.06 1.31 9.97 -1.07 0.51 -0.07 -0.01 0.11 -0.0 -0.02 0.03
0.0 9.061084331132633 5.597174292745065 29.25524217531157 -0.6732840912410438 9.31 -3.18 1.2 9.92 -1.18 0.52 -0.08 -0.02 0.13 -0.02 -0.02 0.02
0.0 9.332695931120583 5.551864903598586 28.267415676253563 -0.5514242784881702 9.4 -3.18 1.25 9.84 -1.02 0.54 -0.04 -0.03 0.14 0.01 -0.02 0.02
0.0 9.613187048372197 5.523918499448035 27.27378904076612 -0.4387250124241717 9.31 -3.17 1.23 9.86 -1.01 0.47 -0.03 -0.04 0.14 -0.02 0.0 0.04
0.0 9.91114589173631 5.510327443341464 26.285933696791858 -0.3342933295225379 9.4 -3.12 1.19 9.82 -1.06 0.39 -0.02 -0.02 0.14 -0.03 -0.01 0.04
0.0 10.20023533870247 5.481075562662152 25.286898362929307 -0.21674404379749035 9.3 -2.97 1.16 9.91 -1.08 0.42 -0.08 -0.01 0.14 -0.04 -0.01 0.04
0.0 10.498380714654402 5.458535257938994 24.301216134003447 -0.10298963132196093 9.27 -3.16 1.24 9.85 -1.18 0.39 -0.1 -0.01 0.11 -0.06 -0.01 0.04
0.0 10.772368607073204 5.3968295476538195 23.298395108841483 0.040001020217843575 9.34 -3.19 1.2 9.96 -1.14 0.52 -0.05 -0.01 0.09 -0.01 -0.02 0.04
0.0 11.072491897889336 5.3735470080787335 22.28816023830983 0.16170321677736865 9.35 -3.12 1.14 10.0 -1.07 0.41 -0.03 -0.01 0.08 -0.03 -0.02 0.04
0.0 11.359270541514263 5.3155808807596125 21.28469645074555 0.30734480218922045 9.39 -3.12 1.16 9.92 -1.01 0.5 -0.03 -0.0 0.06 -0.04 -0.02 0.03
0.0 11.672402744798134 5.281838080621041 20.258377491101278 0.44304415412238995 9.5 -2.96 1.15 9.99 -0.81 0.43 -0.08 0.0 0.04 -0.1 -0.01 0.03
0.0 11.997592249853113 5.25356660767715 19.237522513561068 0.5774883467696981 9.44 -2.85 1.21 9.96 -0.77 0.39 -0.18 0.02 0.05 -0.17 0.02 0.03
0.0 12.303386135060464 5.1992830258888185 18.260942805787877 0.7259285672149645 9.27 -3.0 1.26 9.97 -1.3 0.46 -0.22 0.01 0.05 -0.22 0.05 -0.02
0.0 12.607514939593827 5.150447442348284 17.28703682972681 0.8736519953837103 9.3 -3.31 1.27 9.93 -1.4 0.45 -0.12 0.01 0.04 -0.14 0.08 -0.07
0.0 12.939814148839105 5.140860261870472 16.298027474267045 1.0016062516656064 9.39 -3.39 1.24 9.99 -1.34 0.32 0.02 0.01 0.0 -0.08 0.07 -0.08
0.0 13.24282089826579 5.09658863918354 15.31071075423064 1.1551165813126687 9.28 -3.19 1.04 9.76 -1.07 0.38 0.04 0.05 -0.05 -0.07 0.05 -0.08
0.0 13.531665154638873 5.025453235083039 14.347089441431322 1.3263814060775587 9.04 -2.97 0.96 9.49 -1.03 0.46 -0.08 0.07 -0.1 -0.11 0.01 -0.06
0.0 13.802461013059556 4.92466862087276 13.391012214489528 1.519666396145496 8.87 -3.1 1.06 9.53 -1.18 0.57 -0.18 0.07 -0.13 -0.13 -0.01 -0.04
0.0 14.105172971758748 4.867906274255661 12.43811545029186 1.6883597529292445 8.96 -3.26 1.08 9.68 -1.38 0.47 -0.15 0.05 -0.14 -0.08 -0.01 -0.05
0.0 14.389432423347898 4.779239451701704 11.46504093074293 1.8854684736727307 9.24 -3.49 1.08 9.9 -1.34 0.54 -0.07 0.05 -0.17 -0.0 -0.04 -0.05
0.0 14.710531396987385 4.70807224584052 10.453749257434872 2.082697725823948 9.56 -3.39 1.19 10.04 -0.96 0.49 -0.02 0.05 -0.2 0.04 -0.07 -0.03
0.0 15.055000152844194 4.6599693669478865 9.419114454103664 2.274856831712057 9.49 -3.09 1.25 10.09 -0.58 0.4 -0.1 0.06 -0.18 -0.02 -0.07 -0.02
0.0 15.379094338882389 4.586837317875477 8.406594218216576 2.4858793396707455 9.42 -3.14 1.28 10.18 -0.7 0.44 -0.18 0.05 -0.12 -0.14 -0.02 -0.03
0.0 15.71207717035491 4.519958707585117 7.410347494545476 2.696533896454426 9.64 -3.29 1.26 9.93 -0.61 0.41 -0.15 0.06 -0.07 -0.17 0.03 -0.02
0.0 16.031031313149633 4.441459607605255 6.399425112834415 2.924614651599569 9.38 -2.93 1.09 9.85 -0.38 0.42 -0.18 0.09 -0.0 -0.23 0.01 -0.02
0.0 16.361302007473725 4.340877546180635 5.419781045107243 3.1684461159155006 9.5 -2.83 1.14 10.0 -0.72 0.48 -0.31 0.09 0.03 -0.39 0.02 0.01
0.0 16.636378428346212 4.151226400368673 4.51068052280867 3.463255749960112 9.17 -2.98 1.33 9.96 -1.37 0.73 -0.4 0.07 0.05 -0.51 0.04 -0.03
0.0 16.933741217372145 4.009083076840851 3.6395095374885926 3.7254885010604397 9.16 -3.42 1.43 9.7 -1.71 0.66 -0.44 0.04 0.04 -0.41 0.05 -0.07
0.0 17.22089643512838 3.882706652166646 2.752751063697147 3.987992254478769 8.91 -3.59 1.43 9.39 -1.48 0.59 -0.36 0.05 0.03 -0.21 0.03 -0.07
0.0 17.574345185290404 3.855300784876809 1.796738122417814 4.210167949442081 9.05 -3.36 1.28 9.65 -0.99 0.3 -0.21 0.07 0.03 -0.16 0.02 -0.06
0.0 17.955745297690726 3.844920714287876 0.8414671956410729 4.4315423700161745 9.09 -2.96 1.14 9.82 -0.89 0.17 -0.15 0.09 0.01 -0.25 0.04 -0.06
0.0 18.332890147319468 3.8490639625476373 -0.08957233506356488 4.648563733593761 9.22 -3.1 1.02 9.93 -1.04 0.08 -0.23 0.1 -0.02 -0.28 0.05 -0.06
0.0 18.673863023454317 3.7807958768668 -0.9918183454107208 4.917174301312414 9.39 -3.1 0.95 9.77 -1.14 0.21 -0.31 0.13 -0.07 -0.23 0.02 -0.05
0.0 19.013072630683 3.7424127813595853 -1.9442058657866923 5.193327479476892 9.58 -3.22 0.89 10.09 -0.85 0.15 -0.35 0.16 -0.1 -0.2 -0.01 -0.0
0.0 19.31618470271613 3.6386559731574373 -2.890434499444929 5.525477591454688 9.73 -3.25 0.92 10.17 -0.76 0.28 -0.31 0.17 -0.14 -0.23 -0.02 0.03
0.0 19.596060310339965 3.4638040829958396 -3.8298568264022137 5.917766689355815 9.59 -2.86 0.95 10.03 -0.61 0.45 -0.33 0.18 -0.14 -0.3 -0.02 -0.01
0.0 19.8716621674384 3.2809755844060673 -4.720206409382065 6.315008764784977 9.18 -2.71 1.01 9.98 -0.93 0.51 -0.48 0.14 -0.08 -0.36 -0.01 -0.08
0.0 20.111569463543816 3.086576037079719 -5.5661851742666855 6.719950446495389 9.19 -3.21 1.07 9.87 -1.29 0.55 -0.48 0.09 -0.07 -0.31 0.03 -0.13
0.0 20.362288099238917 2.941113739756785 -6.427084815326872 7.11598415959557 9.39 -3.58 1.13 10.07 -1.32 0.44 -0.32 0.06 -0.1 -0.2 0.02 -0.13
0.0 20.59254369914018 2.770895837497453 -7.2838720598989894 7.545970867510306 9.47 -3.63 1.1 9.99 -1.26 0.44 -0.13 0.05 -0.15 -0.18 -0.01 -0.13
0.0 20.841815427794423 2.5824277848017716 -8.108760777592998 7.9947545164101825 8.86 -3.08 1.16 9.74 -1.36 0.45 -0.12 0.05 -0.17 -0.22 -0.05 -0.16
0.0 21.08586122631936 2.4279702889488797 -8.943176005829038 8.448622601782219 9.1 -3.23 1.13 9.89 -1.33 0.36 -0.28 0.02 -0.19 -0.14 -0.01 -0.12
0.0 21.296922408524225 2.3245653095781886 -9.824365573601959 8.920587545568878 9.36 -3.66 1.19 9.82 -0.83 0.19 -0.23 0.05 -0.2 -0.04 -0.01 -0.07
0.0 21.496190134742612 2.1690707526318542 -10.694331991828655 9.452558393578173 9.47 -3.39 1.17 10.18 -0.85 0.23 -0.13 0.06 -0.16 -0.05 -0.01 -0.07
