0.0 0.0 0.0 0.0 0.0 8.59 -4.64 0.97 9.3 -2.08 -0.15 -0.33 0.06 0.65 -0.08 -0.15 0.64
0.034503415644401514 0.026818237774989484 0.18514988980410693 0.017480920701956393 -0.10792937626612797 8.62 -5.07 0.79 9.57 -2.23 -0.42 -0.43 0.08 0.67 -0.11 -0.22 0.74
0.0 0.0462078009664566 0.36646464776331883 0.08581295204963624 -0.17982765791828115 9.0 -5.22 0.84 9.88 -2.65 -0.52 -0.29 0.09 0.68 -0.09 -0.18 0.76
0.0 0.0 0.28950420469662697 0.12420235113228273 -0.10385601042158044 8.83 -4.84 0.69 9.86 -2.58 -0.18 -0.19 0.07 0.68 -0.01 -0.15 0.72
0.0 0.0 0.2979419170856902 0.1455475656412233 -0.09528688159086585 8.74 -4.91 0.66 9.71 -2.43 -0.21 -0.24 0.04 0.7 -0.04 -0.19 0.72
0.0 0.0 0.5369292152531984 0.1958028753641372 -0.22021744800143495 8.65 -5.19 0.56 9.56 -2.53 -0.55 -0.34 0.03 0.72 -0.09 -0.2 0.76
0.0 0.0 0.6764368379147975 0.3041444055500335 -0.2422636419953932 8.65 -5.45 0.62 9.61 -2.97 -0.53 -0.31 -0.0 0.72 -0.1 -0.18 0.79
0.0 0.0 0.6758845703434948 0.4141374115866938 -0.1711062290846712 8.59 -5.53 0.54 9.64 -3.13 -0.34 -0.2 -0.05 0.75 -0.06 -0.17 0.75
0.0 0.0 0.7290798396422892 0.5178076647083714 -0.14137737197773959 8.37 -5.41 0.45 9.54 -3.13 -0.37 -0.18 -0.11 0.8 -0.05 -0.16 0.65
0.0 0.0 0.8889288093631347 0.6689629546065134 -0.15604738271169083 8.26 -5.81 0.4 9.34 -3.42 -0.56 -0.09 -0.16 0.81 -0.01 -0.19 0.63
0.0 0.0 1.1654918413254083 0.852721279505829 -0.2339181566207884 8.15 -5.65 0.2 9.1 -3.67 -0.82 -0.12 -0.14 0.8 0.09 -0.21 0.66
0.0 0.0 1.403139122356629 1.0653795718149013 -0.27221489587287806 7.87 -5.95 0.23 8.96 -3.95 -0.87 -0.29 -0.14 0.75 0.12 -0.28 0.71
0.0 0.0 1.5709376202994048 1.2691834444146224 -0.27151542602143763 7.64 -6.57 0.33 9.16 -4.06 -0.8 -0.35 -0.14 0.73 0.11 -0.31 0.75
0.0 0.0 1.716953214393414 1.475380360372668 -0.2582128549939853 7.55 -6.96 0.38 9.05 -4.1 -0.76 -0.22 -0.16 0.76 0.04 -0.28 0.76
0.0 0.0 1.9764411930887706 1.7364691182472285 -0.30071936589098414 7.48 -6.94 0.29 8.89 -4.46 -0.99 -0.21 -0.15 0.81 -0.0 -0.28 0.78
0.0 0.0 2.126575089605915 2.0509179249830822 -0.2437993475959388 7.31 -7.17 0.23 9.05 -5.02 -0.92 -0.23 -0.18 0.82 0.01 -0.25 0.84
0.0 0.0 2.232410929294204 2.358458094601204 -0.16557033160316337 7.08 -7.73 0.3 8.66 -5.05 -0.83 -0.15 -0.19 0.83 0.05 -0.23 0.85
0.0 0.0 2.3871257784307183 2.708261320551614 -0.11041333911578022 7.03 -7.7 0.13 8.53 -5.39 -0.94 -0.15 -0.17 0.88 0.09 -0.28 0.89
0.0 0.0 2.5468556996744 3.0532983475051765 -0.06944126836305031 6.86 -7.96 0.14 8.65 -5.51 -0.99 -0.21 -0.16 0.96 0.15 -0.28 0.91
0.0 0.0 2.7090267111578465 3.3860232058046194 -0.04339502410066132 6.78 -8.24 0.08 8.7 -5.49 -1.02 -0.15 -0.19 0.97 0.08 -0.25 0.96
0.0 0.0 2.8797471123858336 3.7775181154718496 -0.007007441907390444 6.7 -8.49 0.04 8.46 -5.86 -1.11 0.03 -0.23 0.99 0.08 -0.19 1.0
0.0 0.0 2.977564626970905 4.156805836993044 0.07261641847215117 6.66 -8.1 -0.1 8.35 -5.88 -0.99 -0.01 -0.19 1.07 0.12 -0.16 0.99
0.0 0.0 3.149354788704131 4.604273884896401 0.11145612385695358 6.37 -8.26 -0.34 8.3 -6.4 -1.2 -0.16 -0.19 1.1 0.09 -0.19 0.95
0.0 0.0 3.3192399449642176 5.125780567497998 0.16751176490355135 6.05 -8.32 -0.37 7.77 -6.95 -1.32 -0.12 -0.21 1.08 0.21 -0.18 0.88
0.0 0.0 3.39937758459213 5.528545354052127 0.2457043205600371 5.91 -8.23 -0.4 7.57 -6.25 -1.06 -0.07 -0.2 1.07 0.32 -0.22 0.87
0.0 0.0 3.600277388038617 5.931487413980193 0.21716801167134747 5.6 -8.09 -0.43 7.57 -6.1 -1.3 -0.13 -0.2 1.06 0.3 -0.27 0.89
0.0 0.0 3.7268638037827198 6.392899482289593 0.26168402131943935 5.5 -8.03 -0.36 7.46 -6.47 -1.25 -0.17 -0.21 1.04 0.14 -0.22 0.88
0.0 0.0 3.811765760741916 6.852610471732035 0.33328457576722315 5.2 -8.37 -0.42 7.23 -6.49 -1.15 -0.13 -0.24 1.01 0.04 -0.19 0.83
0.0 0.0 3.942796784120555 7.342403457698836 0.3655444719733367 4.98 -8.46 -0.49 7.04 -6.69 -1.28 -0.05 -0.26 0.98 -0.01 -0.16 0.8
0.0 0.0 4.024412287646135 7.8796585565045945 0.44580537870591286 4.79 -8.13 -0.55 6.81 -7.08 -1.24 -0.06 -0.24 0.93 0.01 -0.17 0.78
0.0 0.0 4.046688705323643 8.453323654547631 0.5803332524271667 4.3 -8.51 -0.52 6.6 -7.46 -1.12 -0.13 -0.24 0.85 0.06 -0.2 0.76
0.0 0.0 4.105862140973183 9.011686285768505 0.6691829586957283 4.19 -8.74 -0.52 6.56 -7.47 -1.18 -0.08 -0.23 0.78 0.07 -0.22 0.74
0.0 0.0 4.1670302404199235 9.568781548924633 0.7483486384902562 4.01 -8.83 -0.4 6.49 -7.48 -1.2 -0.02 -0.22 0.75 0.14 -0.21 0.71
0.0 0.0 4.214829636103182 10.133023190419323 0.8347596505708452 3.85 -8.74 -0.54 6.37 -7.52 -1.18 -0.01 -0.2 0.72 0.11 -0.21 0.67
0.0 0.0 4.262497098982903 10.70884047995277 0.9169751900240612 3.65 -8.99 -0.55 6.21 -7.58 -1.19 -0.01 -0.2 0.65 0.07 -0.2 0.67
0.0 0.0 4.305888076448454 11.302642223173379 1.0003935215761004 3.56 -8.95 -0.42 6.04 -7.7 -1.2 0.01 -0.18 0.62 0.06 -0.2 0.66
0.0 0.0 4.352723970557554 11.895005156578918 1.0736555797321898 3.42 -8.84 -0.48 5.83 -7.66 -1.21 -0.1 -0.13 0.63 0.03 -0.18 0.62
0.0 0.0 4.409422650257521 12.512501489264594 1.1349690586184096 3.07 -8.85 -0.47 5.69 -7.83 -1.28 -0.23 -0.11 0.65 0.0 -0.16 0.55
0.0 0.0 4.434858394787038 13.17139252345001 1.2296454251334268 2.9 -9.24 -0.53 5.6 -8.22 -1.25 -0.19 -0.12 0.61 -0.02 -0.12 0.55
0.0 0.0 4.42849827514821 13.841133554147731 1.3541842046835484 2.82 -9.26 -0.62 5.4 -8.37 -1.14 -0.14 -0.09 0.57 0.08 -0.11 0.54
0.0 0.0 4.495853465403793 14.492259036214932 1.3897459635915368 2.55 -9.24 -0.67 5.27 -8.21 -1.35 -0.18 -0.07 0.54 0.05 -0.14 0.52
0.0 0.0 4.529803582288094 15.141189580717167 1.4563592882900736 2.39 -9.39 -0.73 5.3 -8.23 -1.29 -0.15 -0.08 0.49 -0.08 -0.14 0.51
0.0 0.0 4.561739322321745 15.827674003674225 1.5252141606660956 2.22 -9.51 -0.75 5.15 -8.48 -1.32 -0.04 -0.09 0.45 -0.08 -0.12 0.53
0.0 0.0 4.5788605832322595 16.5360130480885 1.6089341849199883 2.16 -9.59 -0.91 4.96 -8.67 -1.29 -0.01 -0.09 0.41 -0.01 -0.11 0.53
0.0 0.0 4.606968895675923 17.242570005276 1.6746153226355318 2.11 -9.37 -0.98 4.79 -8.66 -1.32 -0.04 -0.07 0.41 0.06 -0.16 0.51
0.0 0.0 4.666419343871343 17.95131982725458 1.6978790552786052 1.91 -9.42 -1.01 4.77 -8.7 -1.47 -0.1 -0.06 0.4 0.05 -0.19 0.49
0.0 0.0 4.675041673731749 18.6561917673995 1.778544707267315 1.75 -9.74 -1.05 4.64 -8.66 -1.29 -0.08 -0.08 0.37 0.02 -0.16 0.48
0.0 0.0 4.711416738946061 19.379013623064814 1.8224757246777727 1.77 -9.75 -0.93 4.5 -8.74 -1.39 0.0 -0.08 0.36 0.05 -0.16 0.5
0.0 0.0 4.720337009974784 20.113465701221195 1.8987246815015055 1.56 -9.51 -0.9 4.19 -8.73 -1.28 -0.04 -0.08 0.38 0.04 -0.16 0.49
0.0 0.0 4.724851029014325 20.846047562098512 1.977133147547292 1.34 -9.44 -0.92 4.07 -8.71 -1.23 -0.16 -0.09 0.42 0.03 -0.17 0.46
0.0 0.0 4.734745277886737 21.592220823510843 2.046541752152848 1.22 -9.95 -0.92 4.16 -8.93 -1.27 -0.08 -0.11 0.44 0.01 -0.14 0.45
0.0 0.0 4.714740987439958 22.36182913387639 2.1557137058570532 1.27 -9.8 -0.81 3.96 -9.1 -1.14 0.03 -0.12 0.45 0.08 -0.1 0.44
0.0 0.0 4.7194253641148896 23.124890151672496 2.227705537178551 1.06 -9.88 -0.92 3.85 -9.05 -1.21 0.03 -0.14 0.45 0.06 -0.08 0.44
0.0 0.0 4.745063438737198 23.8740815846947 2.266200856890194 1.16 -9.69 -0.86 3.8 -8.91 -1.31 0.07 -0.14 0.47 0.07 -0.08 0.42
0.0 0.0 4.802941274336633 24.66274688963975 2.2587985281865315 0.95 -9.37 -0.99 3.69 -9.17 -1.56 -0.02 -0.09 0.46 0.11 -0.13 0.39
0.0 0.0 4.816664347548856 25.44902581577638 2.311843311452094 0.65 -9.66 -1.07 3.53 -9.17 -1.39 -0.14 -0.1 0.43 0.03 -0.13 0.42
0.0 0.0 4.808633903015431 26.232835171010137 2.3944799855561456 0.54 -9.96 -0.99 3.48 -9.2 -1.24 -0.02 -0.11 0.4 -0.0 -0.12 0.43
0.0 0.0 4.828876416388177 27.039453636948863 2.434391812012592 0.49 -9.72 -1.1 3.27 -9.28 -1.36 0.05 -0.1 0.39 0.05 -0.13 0.44
0.0 0.0 4.834378347405564 27.849739710337502 2.49472814269582 0.33 -9.72 -1.02 3.25 -9.41 -1.31 -0.01 -0.09 0.37 0.01 -0.12 0.45
0.0 0.0 4.826687499731505 28.66155068095093 2.5738729376105454 0.27 -9.81 -0.94 3.12 -9.41 -1.21 -0.03 -0.11 0.37 0.02 -0.13 0.43
0.0 0.0 4.847464038451185 29.51780153668262 2.609717906229619 0.12 -9.86 -0.91 2.82 -9.64 -1.38 0.03 -0.1 0.38 0.08 -0.14 0.41
0.0 0.0 4.847413111182859 30.32730981085067 2.6735391578900902 0.05 -9.73 -1.17 2.98 -9.49 -1.26 -0.0 -0.08 0.36 0.12 -0.12 0.43
0.0 0.0 4.844928255739129 31.133670097566856 2.739835856029302 -0.11 -9.87 -0.91 2.76 -9.24 -1.18 -0.02 -0.14 0.36 0.07 -0.14 0.42
0.0 0.0 4.842273775874679 31.95934800450666 2.806737367443688 -0.08 -9.8 -0.88 2.59 -9.29 -1.16 0.05 -0.14 0.39 0.06 -0.13 0.4
0.0 0.0 4.843543050071421 32.79815169230161 2.866937129295465 -0.33 -9.63 -1.06 2.59 -9.51 -1.2 0.08 -0.15 0.37 0.04 -0.13 0.4
0.0 0.0 4.837063170883304 33.648521039962624 2.9402288806725494 -0.34 -9.57 -0.86 2.39 -9.55 -1.14 0.01 -0.16 0.35 0.08 -0.12 0.4
0.0 0.0 4.822702104228615 34.50808589071482 3.0272892032848233 -0.5 -9.74 -0.74 2.16 -9.54 -1.05 0.01 -0.15 0.37 0.13 -0.12 0.37
0.0 0.0 4.8330785659259865 35.337952322026766 3.0682658322921412 -0.62 -9.5 -0.7 2.2 -9.33 -1.17 0.1 -0.14 0.36 0.1 -0.1 0.35
0.0 0.0 4.81203071301845 36.18548498765783 3.165609340117996 -0.56 -9.39 -0.71 2.14 -9.5 -0.98 0.08 -0.12 0.34 0.02 -0.02 0.37
0.0 0.0 4.812549633567144 37.03051796568309 3.2238575293354046 -0.68 -9.62 -0.66 2.03 -9.41 -1.07 0.0 -0.09 0.33 0.06 -0.07 0.36
0.0 0.0 4.814505807625355 37.869362196043504 3.2784500616938885 -0.76 -9.69 -0.74 2.09 -9.47 -1.1 -0.02 -0.08 0.35 -0.0 -0.05 0.35
0.0 0.0 4.807204325300889 38.727045787517106 3.3511409156804746 -0.86 -9.75 -0.62 2.02 -9.68 -1.05 0.03 -0.08 0.33 -0.03 -0.04 0.35
0.0 0.0 4.781981856068103 39.59087831799263 3.4580953624051034 -1.03 -9.63 -0.64 1.76 -9.59 -0.85 0.06 -0.07 0.34 0.04 -0.03 0.34
0.0 0.0 4.774763473991191 40.45854423578711 3.531849647705812 -1.13 -9.73 -0.68 1.7 -9.67 -0.94 0.05 -0.08 0.35 0.07 -0.04 0.33
0.0 0.0 4.7724015625488265 41.32939435916818 3.596683907802813 -1.27 -9.73 -0.57 1.66 -9.77 -0.99 0.09 -0.09 0.34 0.04 -0.03 0.35
0.0 0.0 4.775205763296614 42.21782059565229 3.6529198910909884 -1.2 -9.87 -0.63 1.52 -9.92 -1.05 0.08 -0.06 0.32 0.07 -0.03 0.36
0.0 0.0 4.769296402975435 43.09163340332423 3.725409144033705 -1.45 -9.87 -0.58 1.55 -9.95 -0.98 0.04 -0.04 0.32 0.06 -0.05 0.37
0.0 0.0 4.765918526062913 43.96343180541953 3.7932068584060232 -1.47 -9.68 -0.52 1.36 -9.73 -0.94 0.01 -0.01 0.33 0.03 -0.03 0.37
0.0 0.0 4.768264952769213 44.85364481117603 3.8513979843658177 -1.61 -9.75 -0.65 1.2 -9.83 -0.98 -0.05 0.03 0.34 -0.02 -0.04 0.38
0.0 0.0 4.776533009427583 45.7394204800445 3.8973661296718944 -1.8 -9.77 -0.51 1.17 -9.88 -1.04 -0.08 0.02 0.32 -0.02 -0.06 0.4
0.0 0.0 4.74492061776275 46.617014852041095 4.026626707879913 -1.76 -10.02 -0.39 1.14 -9.91 -0.64 0.01 0.01 0.33 -0.07 0.0 0.44
0.0 0.0 4.733324621686908 47.49742885848093 4.116084654314079 -1.89 -9.52 -0.49 0.93 -9.68 -0.68 0.04 -0.0 0.37 -0.02 0.02 0.38
0.0 0.0 4.726734455738769 48.38361446383152 4.1970031104366825 -1.84 -9.73 -0.49 0.97 -9.96 -0.74 0.04 -0.03 0.38 0.08 -0.01 0.37
0.0 0.0 4.737005760306679 49.287500561650575 4.244215081052303 -2.07 -9.59 -0.57 0.74 -9.96 -0.9 0.09 -0.02 0.38 0.15 -0.01 0.36
0.0 0.0 4.743133817845421 50.17629051617969 4.300085457867098 -2.04 -9.42 -0.69 0.67 -9.81 -0.87 0.06 -0.0 0.36 0.2 -0.05 0.36
0.0 0.0 4.752340091584135 51.060168239977116 4.349689391323608 -2.19 -9.48 -0.51 0.54 -9.59 -0.87 0.02 0.0 0.35 0.12 -0.05 0.37
0.0 0.0 4.7547943485148885 51.94120080562189 4.415666885536794 -2.29 -9.44 -0.44 0.49 -9.57 -0.78 0.0 -0.0 0.39 0.06 -0.01 0.35
0.0 0.0 4.761517526334776 52.83645886111667 4.47489577055282 -2.25 -9.18 -0.68 0.34 -9.64 -0.79 0.03 -0.0 0.41 0.04 0.01 0.34
0.0 0.0 4.766255658387465 53.72207804013382 4.539511932279325 -2.37 -8.9 -0.69 0.3 -9.6 -0.74 -0.04 0.0 0.38 0.04 -0.01 0.33
0.0 0.0 4.774406162296154 54.56289104246389 4.59203883433446 -2.57 -9.06 -0.49 0.53 -9.4 -0.76 -0.11 -0.01 0.36 -0.22 0.24 0.3
0.0 0.0 4.771362002466778 55.463058268367845 4.681440930478573 -2.53 -9.26 -0.37 0.15 -9.67 -0.58 0.06 -0.01 0.33 -0.02 0.01 0.3
0.0 0.0 4.771300412612989 56.34666095265346 4.764755225003938 -2.73 -8.82 -0.62 0.17 -9.78 -0.56 0.11 -0.01 0.29 0.07 0.0 0.26
0.0 0.0 4.787873878703525 57.239635119222235 4.809392271792731 -2.71 -8.73 -0.63 0.01 -9.76 -0.74 0.02 -0.03 0.22 0.07 -0.02 0.24
0.0 0.0 4.80354136647319 58.131449468099476 4.858374817026814 -2.63 -8.8 -0.49 -0.14 -9.61 -0.73 0.0 -0.0 0.2 0.08 -0.07 0.19
0.0 0.0 4.8197042322665835 59.00319862580103 4.905494221760094 -2.84 -8.63 -0.56 -0.11 -9.48 -0.73 -0.08 0.02 0.2 0.04 -0.05 0.17
0.0 0.0 4.823261448220415 59.87227548822952 4.990431390245121 -3.02 -9.16 -0.45 -0.13 -9.53 -0.51 -0.06 -0.0 0.16 -0.05 -0.01 0.19
0.0 0.0 4.8309424377226255 60.73988603523864 5.067846812674219 -3.02 -9.22 -0.32 -0.11 -9.76 -0.51 0.07 -0.01 0.15 -0.03 0.03 0.17
0.0 0.0 4.843917297686823 61.62235152265491 5.136523292219749 -3.02 -8.91 -0.57 -0.27 -9.88 -0.54 0.09 0.01 0.15 0.01 0.01 0.14
0.0 0.0 4.871961858628524 62.49758724237005 5.161046143359172 -3.18 -8.98 -0.68 -0.31 -9.9 -0.8 0.02 0.01 0.1 -0.02 -0.01 0.14
0.0 0.0 4.898621068822827 63.37655829460149 5.192638506958389 -3.0 -9.0 -0.58 -0.4 -10.02 -0.83 -0.06 0.03 0.06 -0.01 -0.03 0.14
0.0 0.0 4.91360515775476 64.23630913170913 5.262948581774978 -3.49 -9.24 -0.55 -0.49 -9.47 -0.54 -0.13 0.02 0.07 -0.02 -0.06 0.12
0.0 0.0 4.9260250502671505 65.09312714175158 5.34787297411205 -3.26 -9.41 -0.35 -0.51 -9.55 -0.39 0.04 -0.02 0.08 -0.05 -0.0 0.13
0.0 0.0 4.9436130788444705 65.93259673474635 5.417043291663731 -3.28 -8.6 -0.38 -0.45 -9.5 -0.42 0.04 -0.01 0.14 0.0 0.01 0.08
0.0 0.0 4.970262218643158 66.79798974180464 5.463544055553825 -3.36 -8.93 -0.56 -0.64 -9.81 -0.58 -0.05 -0.04 0.13 -0.05 0.03 0.06
0.0 0.0 4.993191176138909 67.64385228924728 5.52594136822043 -3.21 -8.93 -0.41 -0.59 -9.96 -0.52 0.0 -0.01 0.09 -0.0 -0.02 0.07
0.0 0.0 5.022173341878047 68.45801133197999 5.558786875452341 -3.37 -8.8 -0.51 -0.45 -9.71 -0.67 -0.09 -0.01 0.08 -0.02 -0.03 0.04
0.0 0.0 5.049734614346322 69.28648413342326 5.608126334888098 -3.39 -9.17 -0.46 -0.58 -9.77 -0.6 -0.05 -0.01 0.04 -0.09 -0.01 0.06
0.0 0.0 5.0762019163584435 70.08937245968363 5.661456425887266 -3.28 -9.05 -0.33 -0.46 -9.87 -0.57 0.01 -0.02 0.03 -0.04 0.0 0.04
0.0 0.0 5.1070815810820385 70.89898409587715 5.70072718727549 -3.34 -9.17 -0.53 -0.55 -9.96 -0.65 0.06 -0.01 0.03 -0.01 0.02 0.02
0.0 0.0 5.13501121830666 71.6937556124982 5.760641726608185 -3.32 -9.06 -0.45 -0.52 -10.05 -0.53 0.03 -0.02 -0.02 -0.0 -0.02 0.03
0.0 0.0 5.164405851443751 72.49195159044775 5.825890101692323 -3.47 -9.41 -0.29 -0.65 -9.72 -0.42 0.04 0.0 -0.02 0.15 -0.06 0.01
0.0 0.0 5.197405838260418 73.28838789645575 5.876557567840166 -3.59 -9.39 -0.44 -0.72 -9.88 -0.5 0.13 0.03 -0.04 0.07 -0.05 0.06
0.0 0.0 5.227162537505238 74.04857037736755 5.949890320146537 -3.39 -8.96 -0.27 -0.57 -9.33 -0.3 0.06 0.02 -0.02 0.07 -0.03 0.07
0.0 0.0 5.260645524304031 74.78813249069286 5.98200647100758 -3.21 -9.17 -0.17 -0.44 -9.16 -0.53 -0.01 -0.01 0.06 -0.03 0.0 0.05
0.03365034392737698 0.0 5.295079325822077 75.52351775871631 6.009751041039593 -3.33 -8.84 -0.4 -0.42 -9.46 -0.64 0.07 -0.01 0.08 -0.06 0.01 0.05
0.0312341483922296 0.0 5.331785020119528 76.2885286797935 6.07002170515598 -3.39 -9.21 -0.21 -0.69 -10.6 -0.54 0.07 -0.04 0.02 -0.09 0.09 0.07
0.00042523353990020496 0.0 5.371462127843548 77.07287796348204 6.195462740437193 -3.32 -9.02 0.18 -1.0 -10.6 -0.02 0.19 -0.0 -0.01 0.01 0.1 -0.01
0.027479957129699528 0.0 5.412421002170658 77.83856137294661 6.203868399165799 -3.61 -8.59 -0.08 -1.03 -10.01 -0.64 0.02 0.04 -0.04 0.06 0.02 -0.08
0.09200575436197767 0.0 5.450468864038092 78.52943180219846 6.3013239121650315 -3.65 -9.15 0.03 -0.54 -9.64 -0.13 0.01 0.03 -0.09 0.02 0.02 -0.04
0.08789146580899398 0.0 5.489927048233712 79.24235113070024 6.332554739239285 -3.44 -9.46 0.01 -0.68 -9.91 -0.52 0.2 0.07 -0.11 0.13 0.03 0.02
0.13852219169977786 0.0 5.5308033838911514 79.92638978798756 6.399744385099623 -3.39 -8.65 -0.12 -0.52 -9.57 -0.31 0.15 0.09 -0.08 0.06 0.04 -0.01
0.13684319124503475 0.0 5.57349318611729 80.62253075402228 6.451797542985162 -3.31 -9.07 -0.04 -0.65 -9.48 -0.37 -0.04 0.06 -0.07 -0.16 0.1 -0.02
0.14710737808397312 0.0 5.618241846556493 81.30944170740416 6.512469831910735 -3.44 -9.22 -0.3 -0.7 -9.79 -0.34 -0.0 0.08 -0.05 -0.16 0.09 -0.0
0.1747891587233994 0.0 5.665917557473593 81.99132133298642 6.58161380746138 -3.62 -9.2 -0.24 -0.78 -10.14 -0.29 -0.03 0.04 -0.06 -0.05 0.07 -0.01
0.16759522726746923 0.0 5.71525246380262 82.68156825649933 6.641815336711261 -3.55 -9.27 -0.12 -0.92 -9.87 -0.3 0.02 0.03 -0.02 0.02 0.05 -0.04
0.19810737318233862 0.0 5.753480126494203 83.334367223712 6.652491819462156 -3.54 -9.0 -0.4 -0.74 -9.73 -0.65 0.01 0.03 -0.01 0.02 0.0 -0.04
0.22440177888478274 0.0 5.7927783721970405 83.97473224273722 6.671360519424795 -3.49 -9.0 -0.29 -0.68 -9.68 -0.68 -0.11 0.03 -0.03 -0.05 0.01 -0.02
0.20836279098975297 0.0 5.837218631257224 84.61922611671682 6.706616881621443 -3.44 -9.47 -0.24 -0.79 -9.86 -0.6 -0.06 0.03 -0.03 -0.08 0.02 -0.01
0.24046116434142562 0.0 5.884854291493097 85.22662825885085 6.7623565638878205 -3.41 -9.12 -0.34 -0.59 -9.87 -0.44 0.0 0.03 -0.04 -0.09 0.01 0.0
0.2533514220929334 0.0 5.933443352464052 85.83794598053616 6.813139078704154 -3.38 -9.14 -0.25 -0.65 -9.85 -0.42 -0.04 0.01 -0.04 -0.1 0.0 -0.01
0.2550595374310376 0.0 5.982120504871481 86.44628510765962 6.859274061142287 -3.4 -9.24 -0.39 -0.73 -9.96 -0.44 -0.05 0.0 -0.04 -0.04 0.0 -0.03
0.27621459598297804 0.0 6.029357758952483 87.02806744520248 6.904019714820549 -3.38 -9.18 -0.33 -0.59 -9.81 -0.44 0.01 -0.02 -0.04 0.01 -0.02 -0.03
0.2693926004814102 0.0 6.073223665732566 87.62599342655537 6.930346670370838 -3.45 -9.39 -0.11 -0.77 -9.77 -0.56 0.01 -0.03 -0.04 -0.0 -0.01 -0.02
0.296767423142569 0.0 6.112110769626083 88.18318213906204 6.951825176757481 -3.36 -9.12 -0.3 -0.56 -9.74 -0.63 0.0 -0.01 -0.02 0.0 -0.01 -0.0
0.3288501136334503 0.0 6.155335448602106 88.73363377256689 6.983587487905268 -3.38 -9.03 -0.19 -0.57 -9.89 -0.59 -0.06 -0.02 -0.03 -0.08 0.0 -0.02
0.3126846393733871 0.0 6.210989141908469 89.29362514499657 7.039374547717799 -3.39 -9.51 -0.06 -0.72 -9.95 -0.41 0.01 -0.02 -0.04 -0.1 0.01 -0.01
0.33879856382715445 0.0 6.258228883792079 89.83253187117859 7.076827800223938 -3.38 -9.05 -0.21 -0.64 -9.83 -0.48 0.02 0.02 -0.02 -0.02 -0.0 -0.01
0.3498784025070165 0.0 6.3044644314317155 90.36559623653478 7.1104637253525595 -3.39 -9.19 -0.05 -0.7 -9.97 -0.52 -0.06 0.01 -0.04 -0.03 -0.01 -0.0
0.34194869260993244 0.0 6.35287285312292 90.89260574252457 7.147244834758212 -3.31 -9.28 -0.13 -0.72 -9.9 -0.5 -0.03 0.01 -0.03 -0.01 -0.02 -0.02
0.35705804346484626 0.0 6.391163077263145 91.38979991767046 7.167623266606583 -3.29 -9.25 -0.18 -0.6 -10.01 -0.62 0.01 -0.0 -0.04 -0.06 0.0 -0.01
0.36559184242500464 0.0 6.435936650651937 91.88478456976569 7.199145494863842 -3.2 -9.1 -0.18 -0.59 -9.88 -0.56 0.01 0.01 -0.04 -0.01 0.03 -0.02
0.3841778121763326 0.0 6.480849977531692 92.36976626845704 7.2306897326077575 -3.22 -8.96 -0.34 -0.54 -9.71 -0.54 -0.04 -0.0 -0.04 -0.01 0.0 -0.04
0.38938003757986905 0.0 6.525094378203235 92.83504870169638 7.26269088548203 -3.28 -9.41 -0.09 -0.54 -10.01 -0.55 -0.0 -0.02 -0.05 -0.06 0.03 -0.04
0.39323744801930616 0.0 6.580688494407367 93.31653563304255 7.309143878577899 -3.3 -9.13 -0.18 -0.68 -9.84 -0.43 0.07 -0.0 -0.06 0.01 0.01 -0.04
0.4185948252553686 0.0 6.6316754829064655 93.78341210734372 7.347847704646625 -3.41 -9.0 -0.15 -0.68 -9.82 -0.45 0.0 -0.0 -0.08 0.01 -0.01 -0.05
0.4015370930829931 0.0 6.671111920614858 94.24696494585845 7.366060523462124 -3.36 -9.36 -0.09 -0.75 -9.82 -0.58 -0.03 0.01 -0.08 -0.0 -0.02 -0.03
0.40501012184954277 0.0 6.71802745112679 94.65498266283372 7.404406599272633 -3.1 -9.4 -0.23 -0.37 -9.78 -0.49 0.04 0.01 -0.07 -0.02 -0.02 -0.02
0.4224872876437331 0.0 6.776190254435954 95.08913638776748 7.453630215012481 -3.23 -9.05 -0.04 -0.57 -9.77 -0.39 -0.0 0.02 -0.06 -0.02 0.0 -0.04
0.40485348963507306 0.0 6.8267925967071 95.52105322239782 7.489254220427284 -3.29 -9.39 -0.16 -0.64 -9.69 -0.44 -0.08 0.0 -0.04 -0.1 0.02 -0.03
0.41173829573774867 0.0 6.883159411972883 95.90614806540881 7.539091659775281 -3.22 -9.52 -0.07 -0.46 -10.0 -0.38 0.02 -0.01 -0.05 -0.09 0.0 -0.01
0.4191085845005347 0.0 6.928655907056524 96.31311531231601 7.567291066591608 -3.3 -9.26 -0.05 -0.67 -10.02 -0.49 0.03 -0.0 -0.05 -0.01 0.01 -0.02
0.42322466496544564 0.0 6.975078547566382 96.70156622603749 7.598142128259269 -3.18 -9.16 -0.19 -0.57 -9.85 -0.49 0.01 0.01 -0.06 0.02 -0.02 -0.03
0.44580045123304046 0.0 7.023747083299803 97.07085139878463 7.6334431764414035 -3.31 -9.24 -0.04 -0.48 -9.84 -0.47 -0.08 0.0 -0.07 -0.02 -0.03 -0.03
0.41184756715580306 0.0 7.086772607461337 97.44805991763695 7.685635824394112 -3.23 -9.63 0.01 -0.58 -9.79 -0.35 0.02 -0.01 -0.05 -0.05 0.0 -0.01
0.44923483493772665 0.0 7.145613114745546 97.78128374494531 7.736491664247296 -3.08 -9.05 -0.11 -0.34 -9.87 -0.34 0.05 -0.01 -0.04 -0.01 -0.01 -0.01
0.44615913186453326 0.0 7.201270067928056 98.1260156194065 7.779323866382569 -3.13 -9.32 0.01 -0.45 -9.86 -0.37 -0.02 -0.03 -0.04 -0.03 0.02 -0.02
0.42387243278018616 0.0 7.256077632094718 98.48066459204199 7.817813558740028 -3.16 -9.38 -0.09 -0.59 -9.76 -0.39 0.01 -0.02 -0.01 0.02 -0.0 -0.04
0.43101396376495416 0.0 7.303106204367805 98.79811827502697 7.8497314971866246 -3.06 -9.25 -0.09 -0.44 -9.86 -0.45 0.02 -0.02 -0.02 0.02 -0.02 -0.03
0.4306210461731439 0.0 7.347344932677122 99.11088304027476 7.877232716055374 -3.07 -9.33 0.16 -0.44 -9.86 -0.49 0.03 -0.01 -0.03 -0.01 0.01 -0.02
0.4344409010308823 0.0 7.406792574289584 99.42116393966167 7.923197404794848 -2.96 -9.05 0.01 -0.4 -9.66 -0.38 -0.0 0.0 -0.03 -0.02 0.01 -0.02
0.4446718000693437 0.0 7.460704820875371 99.72043799942725 7.961880545394692 -3.11 -9.14 -0.07 -0.4 -9.68 -0.4 -0.07 -0.0 -0.03 -0.07 0.01 -0.04
0.45243774575372697 0.0 7.502265153382643 100.01211975301548 7.984507683725241 -3.16 -9.19 -0.01 -0.49 -9.86 -0.5 -0.03 0.0 -0.04 -0.07 0.01 -0.04
0.4654473809614501 0.0 7.556146975879608 100.29486049518158 8.022464574646918 -3.12 -9.06 -0.07 -0.48 -9.84 -0.43 -0.01 0.01 -0.05 -0.01 -0.01 -0.04
0.47839405508561583 0.0 7.610023638393277 100.55946914722193 8.06128710125705 -3.08 -9.12 0.09 -0.35 -9.73 -0.41 -0.06 0.0 -0.06 -0.07 0.0 -0.04
0.46089576987297676 0.0 7.662592777873899 100.8207553567773 8.097440759188402 -3.1 -9.47 0.08 -0.45 -9.9 -0.42 -0.02 -0.01 -0.06 -0.08 0.02 -0.04
0.47947257685046907 0.0 7.703649737947762 101.05936949167796 8.121114198289504 -3.08 -9.25 -0.08 -0.38 -10.01 -0.5 0.06 0.01 -0.07 -0.0 0.0 -0.05
0.47915878002547174 0.0 7.751704271185081 101.29314795082522 8.152713490867356 -3.11 -9.45 0.04 -0.38 -10.01 -0.47 -0.04 0.01 -0.09 -0.03 0.01 -0.03
0.45390842861444014 0.0 7.817349924205439 101.51715615122309 8.205442816761064 -3.07 -9.76 0.12 -0.33 -9.95 -0.34 0.02 0.03 -0.08 -0.03 0.02 -0.04
0.44895545907482415 0.0 7.8730923905699814 101.75705587490512 8.242727178605534 -3.3 -9.57 0.07 -0.48 -9.82 -0.38 0.07 0.0 -0.08 -0.04 0.03 -0.01
0.42324268718518 0.0 7.918596608174375 102.00353162687473 8.265703944669127 -3.12 -9.34 0.07 -0.7 -9.89 -0.46 0.06 0.02 -0.03 -0.04 0.05 -0.0
0.45052767829558604 0.0 7.9514876441355655 102.18784624517623 8.280308953555107 -3.03 -9.2 -0.28 -0.29 -9.9 -0.55 -0.06 0.03 -0.01 0.03 -0.04 -0.01
0.4342420227292081 0.0 7.99946968176252 102.38130066067998 8.31066243961375 -3.12 -9.62 0.05 -0.36 -9.93 -0.48 -0.04 0.02 -0.03 0.0 -0.01 -0.0
0.4188533715981748 0.0 8.063524614123775 102.59414573225577 8.356419900933815 -3.11 -9.34 0.03 -0.47 -9.67 -0.36 0.03 0.01 0.0 -0.0 0.01 -0.0
0.44540607646899844 0.0 8.117687480199153 102.7738837081926 8.39318872323895 -3.04 -9.0 -0.14 -0.37 -9.8 -0.39 -0.02 -0.01 -0.0 -0.07 0.02 -0.01
0.43639467166386225 0.0 8.161859945718808 102.95168214556696 8.417243149082182 -2.99 -9.22 -0.09 -0.46 -9.93 -0.46 -0.07 -0.02 -0.02 -0.07 -0.02 -0.01
0.4368055666825086 0.0 8.202304937166193 103.13191032919667 8.435641275109546 -3.0 -9.05 -0.04 -0.48 -9.78 -0.5 -0.0 -0.02 -0.02 0.02 -0.02 -0.04
0.4568187109303352 0.0 8.259198362545842 103.30011958073204 8.473663893089437 -2.98 -8.81 -0.04 -0.35 -9.55 -0.4 -0.01 -0.02 -0.03 0.03 -0.02 -0.06
0.4524078546522219 0.0 8.299013311060659 103.47403818124366 8.490004397488661 -2.91 -8.8 -0.01 -0.41 -9.42 -0.49 -0.05 -0.03 -0.05 -0.02 -0.02 -0.07
0.49031675145040765 0.0 8.334365511301773 103.61723010477131 8.503810920505657 -2.86 -8.52 -0.07 -0.19 -9.33 -0.53 -0.12 -0.02 -0.06 -0.09 -0.02 -0.11
0.5168364102424619 0.0 8.359863093287846 103.74746457875212 8.506774889366994 -2.89 -8.69 -0.08 -0.2 -9.52 -0.61 -0.13 -0.03 -0.11 -0.14 0.0 -0.15
0.5310451501181319 0.0 8.42315520854715 103.8614502948328 8.55447919746156 -2.51 -8.56 -0.04 -0.19 -9.73 -0.39 -0.05 -0.01 -0.19 -0.14 -0.01 -0.16
0.6116560244373517 0.0 8.467472618957975 103.94934288263383 8.581951941725322 -2.41 -7.97 -0.19 0.16 -9.44 -0.45 -0.12 0.0 -0.24 -0.15 -0.01 -0.25
0.6167429442865 0.0 8.511890185526036 104.0747934108306 8.604096254866349 -2.64 -8.46 -0.09 -0.14 -9.35 -0.46 -0.13 -0.02 -0.33 -0.19 -0.01 -0.32
0.5962937478337977 0.0 8.589820740544319 104.18689873636909 8.66553569107137 -2.66 -8.89 0.23 -0.24 -9.51 -0.25 0.02 -0.04 -0.41 -0.08 0.01 -0.32
0.6240280539693828 0.0 8.624010628078183 104.2575358090359 8.679900644831434 -2.46 -8.63 0.11 0.02 -9.55 -0.47 0.09 -0.02 -0.43 0.01 0.03 -0.38
0.6445701869219107 0.0 8.66728959884075 104.30690601475874 8.706354127789751 -2.29 -8.71 0.0 0.34 -9.31 -0.45 0.04 -0.05 -0.46 -0.03 0.06 -0.44
0.6327463674607543 0.0 8.694191249150636 104.3270676024728 8.716177100799541 -2.02 -9.13 0.25 0.49 -9.53 -0.56 0.05 -0.03 -0.48 -0.05 0.06 -0.48
0.6517611556301262 0.0 8.711556782499045 104.33791942274773 8.715138224878075 -2.02 -8.99 0.1 0.55 -9.61 -0.65 -0.02 -0.02 -0.48 -0.11 0.09 -0.51
0.6299022787717945 0.0 8.734942638881046 104.32200965614344 8.723325567234511 -1.86 -9.53 0.2 0.66 -9.83 -0.64 0.04 -0.03 -0.55 -0.21 0.12 -0.48
0.6443482779465484 0.0 8.780313603349688 104.30021028577058 8.75700497136964 -1.62 -9.03 0.1 0.74 -9.79 -0.5 0.09 0.01 -0.55 -0.16 0.15 -0.52
0.6615543321291995 0.0 8.793362817338654 104.27230145601875 8.752485999335335 -1.62 -8.96 -0.15 0.84 -9.63 -0.67 -0.09 0.01 -0.59 -0.16 0.09 -0.57
0.655569677582605 0.0 8.795828585997869 104.20530096396296 8.739145808238817 -1.63 -9.58 0.12 1.13 -9.65 -0.77 -0.16 0.01 -0.62 -0.19 0.08 -0.59
0.6264554628133396 0.0 8.829655280587986 104.13541124069877 8.762424073614028 -1.33 -9.64 0.12 1.15 -9.7 -0.6 -0.02 0.03 -0.6 -0.14 0.13 -0.61
0.6592661320740376 0.0 8.838314222952281 104.03760957204094 8.758128465481064 -0.9 -8.85 -0.22 1.52 -9.4 -0.72 -0.05 0.01 -0.59 -0.13 0.16 -0.67
0.6529361214865617 0.0 8.846109058709013 103.93732577707289 8.752252180035399 -1.34 -9.64 0.12 1.51 -9.46 -0.75 -0.19 0.0 -0.66 -0.2 0.09 -0.66
0.5991109726841728 0.0 8.848968918386284 103.82284871936723 8.741284209146741 -0.95 -9.94 0.22 1.36 -9.92 -0.8 -0.09 0.01 -0.67 -0.2 0.11 -0.63
0.6123598892123852 0.0 8.866419457615814 103.69038592260691 8.74917063468132 -0.85 -9.38 0.04 1.64 -9.62 -0.71 0.03 0.05 -0.65 -0.13 0.12 -0.67
0.6458816014803119 0.0 8.860301156584363 103.50916100689585 8.73325691214822 -0.49 -9.18 -0.11 2.15 -9.43 -0.84 -0.08 0.05 -0.71 -0.1 0.07 -0.69
0.6399104049555859 0.0 8.866916162192814 103.30961149117157 8.734123497505053 -0.23 -9.52 0.24 2.42 -9.33 -0.78 -0.15 0.04 -0.73 -0.14 0.11 -0.74
0.619801962004459 0.0 8.902752678619814 103.1159154172914 8.769272059602358 0.12 -9.32 0.45 2.46 -9.19 -0.57 -0.03 0.02 -0.7 -0.14 0.18 -0.8
0.645237782422214 0.0 8.880638828304733 102.90580297861248 8.733823260393095 0.26 -8.84 -0.22 2.65 -8.98 -0.91 0.01 0.04 -0.7 -0.14 0.23 -0.9
0.6890982874655691 0.0 8.89707081801068 102.63217135066175 8.752943446588745 0.45 -9.0 0.21 3.08 -9.2 -0.71 -0.21 0.0 -0.79 -0.11 0.16 -0.94
0.6632515872179567 0.0 8.863932050617729 102.36131020246403 8.708527029578136 0.7 -9.52 0.23 3.08 -9.3 -1.03 -0.18 0.08 -0.79 -0.13 0.21 -0.98
0.69921658866663 0.0 8.840566870702062 102.05020076402516 8.680418521756494 0.65 -9.47 -0.3 3.39 -9.37 -1.03 0.02 0.07 -0.9 -0.16 0.24 -0.99
0.7077110312427095 0.0 8.817450623000386 101.65665832531884 8.661467364266855 1.68 -9.57 0.11 4.18 -9.33 -1.03 0.15 0.11 -1.08 -0.1 0.22 -0.92
0.7357137030201244 0.0 8.802706321426838 101.32553761707338 8.644829774077792 1.56 -8.94 0.13 3.96 -8.94 -0.98 -0.08 0.17 -1.09 -0.06 0.24 -0.98
0.6522414160185122 0.0 8.745566635800806 101.01017116581217 8.569790268152246 1.58 -9.9 -0.56 3.82 -8.66 -1.29 -0.02 0.17 -1.15 -0.26 0.19 -0.99
0.6434007676126043 0.0 8.707822270668574 100.55758865482623 8.536347393868539 2.4 -9.84 -0.21 4.68 -9.14 -1.2 -0.03 0.23 -1.27 -0.23 0.13 -0.84
0.6613296537099416 0.0 8.714422889191395 100.14682676220926 8.55586883579393 1.97 -9.67 -0.11 4.5 -9.17 -0.86 -0.3 0.25 -1.2 -0.19 0.18 -0.94
0.5137754614894448 0.0 8.686470788760209 99.75692612989734 8.524478473392904 2.14 -11.08 0.01 4.5 -8.61 -1.04 -0.02 0.16 -1.16 -0.38 0.15 -0.93
0.47491927424275104 0.0 8.675296144368692 99.25944074933368 8.528885691163154 3.49 -9.75 -0.59 5.2 -8.91 -0.91 0.14 0.24 -1.11 -0.19 0.24 -0.87
0.5792585729084863 0.0 8.671249182051785 98.75915004181374 8.542388242696362 2.37 -9.37 -0.2 5.43 -8.74 -0.82 -0.33 0.14 -1.08 0.06 0.16 -0.96
0.39166492108927287 0.0 8.66109835908176 98.33866591440406 8.535337844169518 2.58 -11.32 0.57 4.81 -8.6 -0.87 -0.01 0.04 -1.01 -0.29 0.16 -0.96
0.3769988180440009 0.0 8.726866535797235 97.82036860412649 8.649919963220583 3.0 -10.18 0.66 5.34 -8.91 -0.19 0.65 -0.05 -0.92 -0.18 0.34 -0.98
0.4222300059220032 0.0 8.716012099234616 97.30564456387197 8.650689381111732 3.83 -8.12 0.05 5.61 -8.25 -0.68 0.67 -0.04 -0.77 0.21 0.51 -1.23
0.42131206884792505 0.0 8.591830396020177 96.72679107791924 8.48925303359431 4.28 -8.65 -0.57 6.04 -8.43 -1.8 0.2 0.03 -0.96 0.47 0.29 -1.23
0.382324380639119 0.0 8.53431514655654 96.08732435652425 8.436353152589447 4.6 -9.66 -0.23 6.55 -8.71 -1.48 -0.13 0.18 -1.21 0.41 0.04 -0.92
0.2792542283812054 0.0 8.49506812965949 95.53643255746348 8.397255362528668 4.21 -10.16 0.31 6.25 -7.75 -1.31 -0.11 0.26 -1.32 0.21 -0.11 -0.72
0.16673316338949462 0.0 8.501014658432776 94.973918562877 8.430558979383918 4.64 -9.81 0.59 6.71 -6.14 -0.76 0.25 0.23 -1.19 -0.25 0.08 -0.7
0.1832692363566366 0.0 8.513634101680116 94.33134047517146 8.485663801571974 4.75 -8.93 0.26 7.08 -6.74 -0.53 0.24 0.15 -1.05 -0.45 0.24 -0.75
0.10099414520132655 0.0 8.538073474806117 93.6559089147039 8.564503380151663 5.5 -9.43 0.34 7.14 -7.67 -0.32 0.12 0.09 -0.96 -0.26 0.22 -0.75
0.057823843103449235 0.0 8.559018268208895 92.97903117206397 8.636508848760016 5.68 -8.84 0.46 7.24 -7.56 -0.27 0.08 0.09 -0.81 -0.06 0.24 -0.76
0.06348774547933544 0.0 8.562781429563262 92.26210538229208 8.683107807070655 5.71 -8.52 0.64 7.78 -6.75 -0.39 0.04 0.0 -0.72 0.11 0.21 -0.85
0.004897452905979094 0.0 8.571850607204741 91.59776013441842 8.729652840696787 5.5 -8.84 0.66 7.4 -6.59 -0.39 0.19 -0.03 -0.67 0.0 0.26 -0.86
0.0 0.0 8.563456286717823 90.89864439346753 8.74733926852933 6.1 -8.25 0.39 7.4 -7.1 -0.62 0.18 0.01 -0.68 0.19 0.24 -0.78
0.0 0.0 8.559692748861924 90.13963132687874 8.783052142989263 6.5 -7.47 0.1 7.93 -6.78 -0.57 -0.03 0.06 -0.72 0.28 0.14 -0.8
0.0 0.0 8.562021482530414 89.42510744344133 8.82177508331651 6.05 -7.38 0.57 7.88 -5.61 -0.49 -0.17 0.06 -0.77 0.19 0.06 -0.88
0.0 0.0 8.567119874316665 88.71757420099655 8.863563350232127 5.96 -8.12 0.97 7.77 -5.26 -0.44 -0.04 0.02 -0.8 -0.14 0.08 -0.86
0.0 0.0 8.585221851575666 87.9298752937915 8.949630109798193 6.57 -7.78 0.95 8.21 -5.74 -0.17 0.23 0.02 -0.78 -0.24 0.29 -0.8
0.0 0.0 8.60267844264753 87.09616279348296 9.043083665066618 7.08 -6.72 0.79 8.68 -5.56 -0.05 0.15 0.04 -0.76 -0.14 0.34 -0.84
0.0 0.0 8.607723812106531 86.24835150994983 9.106659221315155 7.26 -6.79 0.69 8.93 -5.16 -0.2 -0.05 0.01 -0.78 -0.2 0.35 -0.95
0.0 0.0 8.622219690842314 85.42593889995817 9.190000136337687 7.13 -7.3 0.95 8.71 -5.27 -0.08 0.03 -0.01 -0.8 -0.21 0.31 -1.03
0.0 0.0 8.633906708631134 84.59678450097023 9.265944697160108 7.3 -7.56 0.85 8.65 -5.34 -0.11 0.2 0.02 -0.82 -0.15 0.31 -0.96
0.0 0.0 8.641397033479128 83.71603424063765 9.340556147697768 7.58 -6.96 0.66 8.99 -5.29 -0.14 0.19 0.06 -0.86 -0.02 0.33 -0.87
0.0 0.0 8.653618973681906 82.84061831723598 9.431054303430045 7.63 -6.57 0.57 9.02 -4.76 -0.01 0.04 0.09 -0.87 0.1 0.26 -0.9
0.0 0.0 8.664450124884203 81.97849603652082 9.51130242735232 7.36 -7.14 0.91 8.88 -4.46 -0.04 -0.05 0.1 -0.9 0.01 0.21 -0.93
0.0 0.0 8.672150470878844 81.07027912617251 9.591761099583707 7.67 -7.3 0.92 9.15 -4.4 -0.06 0.12 0.11 -0.91 -0.08 0.21 -0.84
0.0 0.0 8.681181273941776 80.16091243217686 9.680849796626873 8.02 -6.56 0.85 9.17 -4.09 0.01 0.14 0.13 -0.87 -0.09 0.24 -0.8
0.0 0.0 8.688919077396195 79.24087647325368 9.765420408363283 7.94 -6.12 0.57 9.22 -3.68 0.0 -0.15 0.2 -0.83 -0.12 0.19 -0.79
0.0 0.0 8.69565564441042 78.2989156186856 9.855149586504368 7.92 -6.47 0.57 9.34 -3.62 0.03 -0.32 0.18 -0.8 -0.25 0.16 -0.77
0.0 0.0 8.700506981679249 77.32548124272535 9.949557139230848 8.17 -6.61 0.57 9.56 -3.59 0.06 -0.21 0.17 -0.74 -0.26 0.17 -0.74
0.0 0.0 8.705461111358206 76.35654405536833 10.043766271412906 8.18 -6.28 0.67 9.52 -3.63 0.07 -0.15 0.14 -0.71 -0.25 0.14 -0.69
0.0 0.0 8.71088605342567 75.416803893339 10.152850766197673 8.22 -5.72 0.62 9.22 -3.53 0.21 -0.23 0.19 -0.67 -0.19 0.11 -0.67
0.0 0.0 8.714447255030239 74.45134093795797 10.261657986471292 7.94 -5.63 0.61 9.28 -3.24 0.24 -0.38 0.16 -0.67 -0.2 0.05 -0.64
0.0 0.0 8.715943132237888 73.46795144004933 10.374793751980945 8.14 -5.92 0.85 9.36 -3.17 0.28 -0.32 0.15 -0.64 -0.2 0.02 -0.61
0.0 0.0 8.721084323546746 72.4692426856493 10.465325074951394 8.45 -5.58 0.79 9.43 -2.93 0.11 -0.2 0.19 -0.61 -0.12 0.02 -0.6
0.0 0.0 8.725351465206908 71.44104520785305 10.55525539102284 8.42 -4.96 0.52 9.59 -2.4 0.06 -0.35 0.22 -0.58 -0.15 0.01 -0.56
0.0 0.0 8.722852697429577 70.38755620859072 10.663748859542025 8.5 -5.2 0.67 9.78 -2.3 0.17 -0.5 0.18 -0.58 -0.31 0.0 -0.51
0.0 0.0 8.723746680641758 69.34597370941333 10.763743465153468 8.71 -5.41 0.76 9.72 -2.57 0.12 -0.43 0.16 -0.56 -0.33 0.02 -0.48
0.0 0.0 8.721438561271292 68.2972174235804 10.870672251251705 8.86 -5.13 0.75 9.73 -2.69 0.16 -0.3 0.16 -0.56 -0.26 -0.05 -0.47
0.0 0.0 8.70259783796783 67.23656505283634 11.009760173399414 8.72 -4.73 0.7 9.7 -2.28 0.43 -0.18 0.14 -0.59 -0.13 -0.09 -0.45
0.0 0.0 8.70148026282084 66.1674384601183 11.115984517537754 8.72 -4.41 0.9 9.74 -2.35 0.22 -0.11 0.16 -0.63 -0.08 -0.1 -0.42
0.0 0.0 8.704309806680433 65.09823097390233 11.216518770081976 8.79 -4.14 0.93 9.62 -1.96 0.14 -0.18 0.18 -0.65 -0.07 -0.08 -0.44
0.0 0.0 8.713499506412917 64.01617707971218 11.308709408688273 8.75 -4.42 1.06 9.64 -1.84 0.03 -0.2 0.17 -0.69 -0.12 -0.07 -0.4
0.0 0.0 8.711583140528663 62.908742713987436 11.417053839683518 9.06 -4.44 1.15 9.83 -1.92 0.1 -0.01 0.19 -0.74 -0.16 -0.06 -0.32
0.0 0.0 8.718531749710607 61.78046672466988 11.515701839150367 9.33 -4.05 1.24 10.04 -2.04 0.01 0.11 0.19 -0.78 -0.16 -0.05 -0.3
0.0 0.0 8.703038250071735 60.64318720499652 11.641587232314976 9.5 -3.49 1.25 10.05 -1.77 0.2 0.05 0.2 -0.77 -0.09 -0.04 -0.36
0.0 0.0 8.683712388282446 59.51031936710818 11.77241023625082 9.26 -3.41 1.26 9.93 -1.53 0.28 -0.13 0.18 -0.72 -0.03 -0.05 -0.42
0.0 0.0 8.661163714965875 58.36384236531044 11.907793984553606 9.23 -3.87 1.4 9.92 -1.29 0.33 -0.08 0.15 -0.68 -0.05 -0.0 -0.41
0.0 0.0 8.646996171263485 57.20463098582678 12.036764286907768 9.21 -3.92 1.37 9.96 -1.16 0.28 0.14 0.11 -0.61 -0.04 0.06 -0.37
0.0 0.0 8.62936337986437 56.02945954692789 12.170939527928397 9.37 -3.58 1.43 10.02 -0.99 0.29 0.26 0.06 -0.52 -0.08 0.09 -0.35
0.0 0.0 8.613546229329993 54.86278039033725 12.304810209825419 9.29 -3.34 1.34 9.9 -0.88 0.28 0.27 0.02 -0.41 -0.1 0.11 -0.36
0.0 0.0 8.631057634331425 53.69005054233326 12.413324829077013 9.46 -2.99 1.3 9.88 -0.81 0.07 0.16 0.03 -0.29 -0.1 0.11 -0.34
0.0 0.0 8.619199971821796 52.52063323610578 12.547301419040892 9.26 -2.94 1.22 9.81 -0.81 0.19 -0.05 0.01 -0.21 -0.16 0.11 -0.31
0.0 0.0 8.58971187315007 51.33846508857576 12.697647905429406 9.25 -3.4 1.38 9.92 -0.91 0.3 -0.04 -0.02 -0.14 -0.19 0.14 -0.28
0.0 0.0 8.558474091122486 50.17180812681357 12.850596100761507 9.32 -3.29 1.31 9.86 -1.1 0.34 0.1 -0.03 -0.09 -0.18 0.15 -0.25
0.0 0.0 8.530505314833192 48.99042869342269 13.004578977891981 9.39 -3.08 1.24 9.84 -0.91 0.34 0.12 -0.03 -0.04 -0.11 0.1 -0.23
0.0 0.0 8.52414516769147 47.81042847928598 13.145956694320162 9.27 -2.94 1.24 9.73 -0.74 0.24 -0.04 -0.03 0.01 -0.09 0.06 -0.2
0.0 0.0 8.509884298089224 46.61285226665565 13.297162120585426 9.26 -3.17 1.25 9.79 -0.59 0.25 -0.09 -0.04 0.05 -0.14 0.07 -0.12
0.0 0.0 8.490419091878596 45.43080893453491 13.453990663959274 9.23 -3.17 1.3 9.72 -0.68 0.27 0.0 -0.04 0.09 -0.2 0.07 -0.09
0.0 0.0 8.455259035830405 44.254778398180974 13.624288824150042 9.21 -2.97 1.08 9.73 -0.84 0.34 0.04 -0.05 0.11 -0.18 0.05 -0.04
0.0 0.0 8.443431506076731 43.048357078307866 13.785558519827276 9.38 -2.95 1.1 9.84 -0.6 0.26 -0.01 -0.06 0.11 -0.11 0.02 -0.04
0.0 0.0 8.434449676753744 41.84060058446009 13.949359409100893 9.31 -2.98 1.14 9.98 -0.69 0.23 -0.06 -0.05 0.13 -0.1 -0.02 -0.02
0.0 0.0 8.436030137508277 40.63452526954334 14.110761990743256 9.44 -2.89 1.11 9.89 -0.53 0.18 -0.08 -0.05 0.14 -0.12 -0.03 0.02
0.0 0.0 8.420314195217962 39.43153936082635 14.287814221729718 9.32 -2.85 1.13 9.91 -0.57 0.23 -0.09 -0.05 0.16 -0.12 0.0 -0.0
0.0 0.0 8.420655399355374 38.24875410039304 14.457749475473094 9.34 -3.0 1.14 9.89 -0.79 0.18 -0.1 -0.05 0.16 -0.11 -0.02 -0.02
0.0 0.0 8.395947904771464 37.05641990416218 14.650106233536377 9.4 -3.17 1.08 9.91 -0.73 0.26 -0.04 -0.05 0.13 -0.02 -0.03 0.01
0.0 0.0 8.353796261249565 35.85064446226824 14.861095162478748 9.47 -2.9 1.2 9.87 -0.48 0.34 -0.02 -0.03 0.1 0.04 -0.06 0.06
0.0 0.0 8.350677965487343 34.64090453420921 15.054808464281379 9.42 -2.69 1.15 10.01 -0.5 0.23 -0.08 -0.02 0.09 -0.02 -0.09 0.06
0.0 0.0 8.346793034557248 33.4354818493887 15.25564969691348 9.48 -2.74 1.17 10.04 -0.5 0.21 -0.18 -0.02 0.07 -0.04 -0.06 0.07
0.0 0.0 8.31170905383148 32.23234837636232 15.483299096396692 9.58 -3.0 1.35 10.09 -0.52 0.3 -0.15 -0.0 0.06 -0.04 -0.03 0.07
0.0 0.0 8.27030319519902 31.047931013445293 15.720425058023835 9.57 -2.82 1.27 9.96 -0.55 0.34 -0.08 0.02 0.05 -0.05 -0.03 0.06
0.0 0.0 8.20365611074158 29.872562993078006 15.98049321509292 9.39 -2.7 1.31 9.99 -0.67 0.43 -0.07 0.02 0.03 -0.05 -0.03 0.02
0.0 0.0 8.184602832874448 28.689960717965235 16.221487532597465 9.4 -2.73 1.4 9.97 -0.55 0.31 -0.11 0.02 0.0 -0.09 0.0 0.02
0.0 0.0 8.14944547606986 27.53342119871172 16.4781324039387 9.4 -2.9 1.37 9.89 -0.69 0.33 -0.09 0.04 -0.03 -0.1 0.02 0.04
0.0 0.0 8.099036845447745 26.37322156694421 16.755488780863544 9.37 -2.82 1.29 9.96 -0.7 0.37 -0.07 0.05 -0.05 -0.08 -0.0 0.02
0.0 0.0 8.018730492880422 25.232984895302494 17.059042029991346 9.34 -2.98 1.35 9.89 -0.79 0.46 -0.05 0.04 -0.07 -0.06 0.01 -0.01
0.0 0.0 7.974359112013856 24.102014128717705 17.350656737842343 9.19 -3.06 1.34 9.8 -0.79 0.38 0.02 0.03 -0.08 -0.01 0.03 -0.02
0.0 0.0 7.948405284433259 22.94456785176734 17.64995653073916 9.35 -3.03 1.25 9.92 -0.57 0.31 0.06 0.03 -0.08 0.01 0.04 -0.01
0.0 0.0 7.973568584990174 21.79520222194941 17.93123714958007 9.5 -2.99 1.13 10.09 -0.63 0.15 0.06 0.03 -0.09 0.01 0.03 0.0
0.0 0.0 7.9454524490404115 20.642973867943418 18.262922330186598 9.57 -2.94 1.13 10.17 -0.55 0.24 0.03 0.04 -0.08 0.0 0.02 0.0
0.0 0.0 7.920909447500934 19.50465381118436 18.607168468986387 9.73 -3.06 1.21 10.28 -0.64 0.24 0.01 0.06 -0.07 -0.05 0.04 0.01
0.0 0.0 7.793614399965375 18.38088927064115 19.03008112165375 9.61 -2.93 1.29 10.11 -0.59 0.49 -0.02 0.06 -0.07 -0.03 0.01 -0.0
0.0 0.0 7.6670340165978965 17.27121971780047 19.469093095376195 9.36 -2.84 1.37 9.94 -0.56 0.54 -0.09 0.05 -0.04 -0.06 0.01 -0.02
0.0 0.0 7.550545302075247 16.18853086204806 19.91565651600935 9.02 -2.95 1.42 9.8 -0.68 0.53 -0.11 0.01 -0.0 -0.12 0.04 -0.04
0.0 0.0 7.498835043425787 15.121241541964402 20.341514892038404 9.16 -3.1 1.36 9.47 -0.63 0.37 -0.02 0.0 0.02 -0.08 0.06 -0.03
0.0 0.0 7.418828277019908 14.027400552424147 20.821166256919852 9.13 -2.69 1.25 9.44 -0.34 0.38 -0.06 0.03 0.02 -0.07 0.02 -0.01
0.0 0.0 7.3639720174678915 12.9508207215938 21.309771234461863 9.12 -2.63 1.2 9.78 -0.53 0.31 -0.19 0.06 0.02 -0.15 -0.01 0.0
0.0 0.0 7.263197490937125 11.918338264086714 21.840502532138842 9.34 -2.86 1.32 9.96 -0.92 0.38 -0.17 0.04 0.01 -0.14 0.02 0.01
0.0 0.0 7.168063787694297 10.845152646479178 22.422471844484562 9.62 -2.92 1.27 9.83 -0.49 0.36 -0.1 0.05 -0.01 -0.06 -0.01 0.02
0.0 0.0 7.043223181927861 9.762192056236444 23.07016481963899 9.4 -2.61 1.12 10.07 -0.34 0.4 -0.13 0.06 -0.02 -0.11 -0.03 0.01
0.0 0.0 7.004459056631002 8.712795265051767 23.69830460863595 9.53 -2.71 1.13 10.11 -0.49 0.23 -0.16 0.03 -0.03 -0.19 0.01 0.01
0.0 0.0 6.952196357674888 7.6728859519838295 24.383238038930727 9.53 -2.68 1.26 9.87 -0.41 0.2 -0.19 0.04 -0.03 -0.18 0.01 -0.0
0.0 0.0 6.891957790570059 6.669111754116386 25.10969333503769 9.43 -2.82 1.22 9.91 -0.66 0.19 -0.22 0.04 -0.03 -0.14 0.01 -0.02
0.0 0.0 6.730651229585603 5.678466127257764 25.94939611725694 9.33 -3.05 1.24 9.73 -0.68 0.34 -0.12 0.05 -0.04 -0.1 -0.02 -0.03
0.0 0.0 6.554390959799808 4.655219272756199 26.89797939748094 9.4 -2.72 1.14 9.93 -0.41 0.37 -0.07 0.07 -0.05 -0.12 -0.01 -0.0
0.0 0.0 6.369096223599339 3.6957229526793753 27.882592270805603 9.36 -2.74 1.15 9.87 -0.77 0.38 -0.18 0.05 -0.07 -0.18 -0.01 -0.04
0.0 0.0 6.078929855768749 2.7500319953765597 29.0023405522996 9.28 -2.94 1.3 9.84 -0.86 0.51 -0.18 0.03 -0.08 -0.13 -0.03 -0.06
0.0 0.0 5.845491476346523 1.8067644084057122 30.193611696712523 9.44 -3.08 1.31 10.03 -0.89 0.42 -0.13 -0.0 -0.1 -0.08 -0.01 -0.04
0.0 0.0 5.5589058937833205 0.8692553506885616 31.528993116699738 9.34 -3.11 1.3 9.8 -0.79 0.43 -0.02 0.0 -0.1 0.01 -0.03 -0.05
0.0 0.0 5.2194875716742954 -0.07180325897810746 33.041050418432405 9.13 -2.93 1.27 9.69 -0.63 0.44 0.0 -0.01 -0.09 0.01 -0.04 -0.07
0.0 0.0 4.9201186078681 -1.0024117610177399 34.68963872463132 9.24 -2.93 1.33 9.9 -0.64 0.34 0.01 -0.02 -0.08 0.0 -0.04 -0.04
0.0 0.0 4.639327170499198 -1.947586342298095 36.56471967543722 9.55 -2.95 1.41 9.94 -0.42 0.23 -0.02 -0.02 -0.06 0.0 -0.02 -0.01
0.0 0.0 4.24987552214816 -2.846274571722816 38.64631092098687 9.53 -2.99 1.31 10.16 -0.68 0.27 -0.05 -0.0 -0.04 -0.02 -0.01 -0.02
0.0 0.0 3.622810565707949 -3.732628283330911 41.08370549234871 9.49 -3.03 1.32 9.99 -0.68 0.42 -0.01 0.01 -0.05 -0.01 -0.04 -0.02
0.0 0.0 3.0095629633740697 -4.643347449343864 43.91751251658749 9.49 -2.87 1.47 10.07 -0.42 0.32 -0.04 0.02 -0.04 -0.02 -0.03 0.01
