0.0 0.0 0.0 0.0 0.0 9.23 -3.44 1.18 9.82 -1.4 -0.66 -0.02 -0.01 0.01 -0.02 -0.01 -0.01
0.03183361757699288 0.055557231772702664 0.024491787324593655 -0.017952530390473953 -0.054213280115448015 9.26 -3.52 1.27 9.77 -1.28 -0.63 -0.01 -0.02 0.0 0.0 -0.01 0.01
0.05616557765630148 0.0632210174883241 0.0385177971347528 -0.027733491176036296 -0.08410501258813952 9.06 -3.5 1.18 9.84 -1.31 -0.64 0.0 -0.02 0.0 -0.01 -0.02 0.01
0.055901630393634605 0.08891810571655867 0.03908849285035992 -0.03244264155006249 -0.09559326687482894 9.17 -3.41 1.21 9.82 -1.34 -0.64 0.0 -0.01 0.01 -0.02 0.0 0.01
0.06609267732235935 0.08328466840353599 0.002830627509601908 -0.040470051321392475 -0.09756128508104212 9.18 -3.45 1.17 9.86 -1.35 -0.6 -0.02 -0.0 -0.0 -0.03 -0.0 0.0
0.07474623016609883 0.07357455701120585 -0.030135096155378963 -0.045349300488098265 -0.09361101914575443 9.21 -3.47 1.18 9.86 -1.37 -0.6 -0.03 -0.0 -0.01 -0.02 -0.01 -0.0
0.09476048954240923 0.08278954517555803 -0.06840688446173772 -0.062059381442765016 -0.11541918421454511 9.21 -3.48 1.15 9.88 -1.31 -0.56 0.0 -0.0 -0.03 -0.01 -0.02 0.0
0.10680252095677645 0.1538243055920816 -0.028609985570506605 -0.07515857572764162 -0.16568815876249232 9.17 -3.4 1.24 9.87 -1.28 -0.63 -0.01 -0.01 -0.02 -0.02 -0.01 -0.0
0.12736661650326653 0.18421953978936045 -0.012234881262048964 -0.08940245817558434 -0.20763079733600875 9.15 -3.46 1.18 9.86 -1.27 -0.62 -0.04 -0.01 -0.02 -0.02 -0.01 -0.01
0.13833563420288897 0.17714041882279474 -0.009724337143442745 -0.08974751708960582 -0.20974720592238327 9.19 -3.51 1.21 9.89 -1.36 -0.65 -0.02 0.0 -0.01 -0.04 -0.0 -0.01
0.15230268595455243 0.17237449736490618 -0.06552357086969199 -0.09735075841774687 -0.2015883219816601 9.13 -3.46 1.23 9.87 -1.36 -0.58 -0.02 0.0 -0.01 -0.04 -0.01 -0.0
0.16554391834641535 0.13840945696929907 -0.13324600168696507 -0.09911415722518768 -0.173783957766517 9.19 -3.52 1.24 9.89 -1.41 -0.57 -0.03 0.0 -0.01 -0.04 0.0 -0.0
0.171324380577488 0.16345458888248032 -0.1264987226805037 -0.10368418155731263 -0.1881554918391828 9.14 -3.43 1.24 9.8 -1.36 -0.62 -0.03 0.0 -0.02 -0.03 -0.0 -0.01
0.1859004227286647 0.202502822038241 -0.09682088351842438 -0.11456914356581649 -0.22865165751548489 9.21 -3.47 1.22 9.85 -1.31 -0.64 -0.02 0.0 -0.02 -0.03 -0.0 -0.01
0.1879697229016699 0.2454195363728715 -0.05428993350241271 -0.11842590952365128 -0.25840789654344576 9.24 -3.43 1.24 9.84 -1.33 -0.68 -0.04 0.01 -0.01 -0.04 0.0 -0.01
0.210450899815271 0.25504372496187244 -0.10153111527966156 -0.12830178847232787 -0.25988922474857645 9.17 -3.48 1.3 9.88 -1.34 -0.59 -0.03 0.01 -0.02 -0.04 0.01 -0.0
0.22318320180835372 0.26055094648359045 -0.12540340717448972 -0.13534612031668303 -0.2657524179382733 9.2 -3.48 1.25 9.89 -1.35 -0.6 -0.02 0.01 -0.02 -0.04 0.01 -0.01
0.21923656665035196 0.308978387087663 -0.08810273731349678 -0.14059717647141667 -0.2965228912519251 9.2 -3.37 1.22 9.85 -1.33 -0.66 -0.03 0.01 -0.02 -0.05 0.01 -0.01
0.24657193765253282 0.3562724310540375 -0.07151326219846227 -0.1569757060756558 -0.344288995084554 9.19 -3.48 1.26 9.82 -1.26 -0.62 -0.05 0.02 -0.02 -0.04 0.01 -0.01
0.2626857529387365 0.3313838318417339 -0.10824062682270685 -0.16130317531066396 -0.3375656680452721 9.21 -3.54 1.21 9.86 -1.35 -0.6 -0.01 0.01 -0.02 -0.06 0.01 -0.01
0.2625771178754661 0.3166882640359461 -0.10912463688860037 -0.15507840409360085 -0.3225083110055209 9.18 -3.49 1.23 9.86 -1.42 -0.66 -0.02 0.02 -0.02 -0.06 0.01 -0.01
0.2752447092882022 0.3529485340136489 -0.10741678818158458 -0.16547908988923155 -0.34888389628400773 9.13 -3.43 1.24 9.77 -1.32 -0.62 -0.04 0.03 -0.03 -0.02 0.01 -0.0
0.290507644987116 0.40463631266037225 -0.08874149133174199 -0.17993160322946267 -0.3932393552168776 9.15 -3.42 1.23 9.79 -1.27 -0.62 -0.05 0.02 -0.02 -0.04 0.02 -0.01
0.2983102690440518 0.37104105746087157 -0.09266709907950733 -0.1768911700684015 -0.38448116664253007 9.24 -3.55 1.18 9.95 -1.4 -0.66 -0.01 0.01 -0.02 -0.06 0.02 -0.01
0.29528608012194013 0.2827642116715481 -0.20834421996575136 -0.16679228872745 -0.3050468254334078 9.24 -3.53 1.2 9.85 -1.51 -0.57 0.01 0.02 -0.03 -0.04 0.01 -0.01
0.3079667323962383 0.31265913333977835 -0.24542159948058653 -0.186036896565696 -0.3344813701435214 9.2 -3.42 1.15 9.88 -1.32 -0.54 -0.03 0.02 -0.03 -0.01 0.01 -0.0
0.34264610808696716 0.32649402660490523 -0.23264424321527494 -0.20241464393019726 -0.3809851916236653 9.17 -3.58 1.16 9.79 -1.26 -0.58 -0.04 0.01 -0.02 -0.02 -0.0 -0.01
0.36560347478607014 0.3606443325665154 -0.1951030737265082 -0.2142437524551184 -0.4283670529817982 9.17 -3.55 1.19 9.82 -1.26 -0.63 -0.01 0.01 -0.01 -0.05 0.0 -0.0
0.38202598941212784 0.37948588428546515 -0.23549035416873237 -0.22507334202599338 -0.4359894383868834 9.13 -3.47 1.25 9.84 -1.3 -0.57 -0.02 0.0 -0.01 -0.04 0.01 -0.01
0.39085343811380824 0.30872088883661064 -0.376765047588624 -0.22941889321931797 -0.3794971979665718 9.13 -3.48 1.17 9.77 -1.39 -0.47 -0.03 0.0 0.0 -0.04 0.0 -0.0
0.3910733770307644 0.28788363678940954 -0.42319446405003486 -0.22864420565839794 -0.35604728337091274 9.25 -3.48 1.21 9.86 -1.42 -0.56 -0.03 -0.01 -0.0 -0.04 0.0 -0.0
0.39754999808407376 0.3240904515640537 -0.3833868742641739 -0.23083016878584317 -0.381268158706888 9.23 -3.47 1.26 9.79 -1.36 -0.65 -0.03 0.01 -0.01 -0.03 -0.01 0.0
0.41352466272134336 0.35362273831960067 -0.38847466129280395 -0.24459804282680864 -0.41328158819945315 9.2 -3.46 1.21 9.85 -1.3 -0.6 -0.03 0.0 -0.01 -0.04 0.0 0.0
0.41945995251879253 0.36457254032431763 -0.39446150165130556 -0.2520190701551712 -0.42939427388577656 9.2 -3.44 1.17 9.83 -1.32 -0.61 -0.02 0.0 -0.01 -0.06 0.01 0.01
0.42165765378662456 0.32266425590539427 -0.46530872613380897 -0.24805450358230985 -0.38644534995651725 9.24 -3.49 1.23 9.83 -1.43 -0.58 -0.01 0.0 -0.0 -0.05 0.0 -0.01
0.4138086189481669 0.2990748118034787 -0.5380238976144333 -0.2447105951229389 -0.34410859161008034 9.22 -3.4 1.24 9.86 -1.46 -0.57 -0.02 0.0 -0.01 -0.01 0.0 -0.02
0.44232536430737923 0.3256277747347269 -0.543351865463571 -0.2602469473259248 -0.38061931188468634 9.17 -3.51 1.24 9.78 -1.3 -0.57 -0.03 0.0 -0.03 -0.01 -0.01 -0.02
0.45210753440525764 0.3448749064925636 -0.5452669708764278 -0.2669575442139518 -0.3971285277393406 9.09 -3.43 1.22 9.76 -1.32 -0.6 -0.01 -0.0 -0.03 -0.03 -0.01 -0.0
0.4678087858752207 0.3619751624260843 -0.5466893850579442 -0.2756511223935263 -0.41879564980860096 9.2 -3.5 1.23 9.88 -1.32 -0.61 -0.02 0.0 -0.03 -0.04 0.0 0.0
0.4833742738457829 0.37111136498420194 -0.5959124234168174 -0.2889461641466653 -0.42883653498884655 9.17 -3.46 1.21 9.91 -1.31 -0.55 -0.03 0.01 -0.03 -0.03 -0.01 -0.01
0.5065827680725192 0.3484482900800927 -0.6538579769684436 -0.2992480441895964 -0.42740461367452554 9.2 -3.56 1.2 9.84 -1.32 -0.53 -0.03 -0.0 -0.02 -0.04 0.0 -0.01
0.5183039592221945 0.3482127584436796 -0.6787960061398041 -0.30147189577560596 -0.4219520210839107 9.21 -3.53 1.27 9.81 -1.36 -0.58 -0.0 0.0 -0.02 -0.03 -0.0 -0.01
0.5298752038354877 0.3692112831413823 -0.7020539825510167 -0.31227486883736333 -0.4385723328767597 9.26 -3.49 1.24 9.87 -1.32 -0.57 -0.01 0.0 -0.02 -0.01 -0.01 -0.01
0.5495785515401934 0.43519376132874044 -0.7028419886757015 -0.3303114373377696 -0.4840349108350779 9.21 -3.44 1.29 9.88 -1.25 -0.57 -0.04 -0.0 -0.02 -0.04 -0.01 -0.02
0.5621001596640127 0.416242467669349 -0.7381196521052209 -0.3299198389123177 -0.4672152018121096 9.13 -3.5 1.28 9.85 -1.37 -0.59 -0.02 0.0 -0.01 -0.06 0.01 -0.01
0.5739193167272276 0.32783888748245005 -0.8432258296813127 -0.32435483740889026 -0.4039008583233681 9.21 -3.61 1.24 9.87 -1.47 -0.54 0.03 -0.01 -0.02 -0.02 0.01 -0.0
0.5722294167139097 0.3034994598078029 -0.9127532887803693 -0.3269666082211131 -0.3780783878710565 9.26 -3.48 1.2 9.89 -1.43 -0.54 0.07 -0.01 -0.03 0.02 0.0 -0.01
0.5817288506037812 0.3844620928035951 -0.8933421232621847 -0.3487010801886754 -0.4428476480675272 9.11 -3.32 1.17 9.9 -1.25 -0.57 0.02 -0.01 -0.03 0.01 0.0 -0.01
0.5969804256718447 0.4085442985301597 -0.871225929271187 -0.35548004072715855 -0.4716483065849957 9.17 -3.47 1.22 9.79 -1.29 -0.62 0.0 -0.01 -0.01 -0.01 -0.0 -0.01
0.6051838527695281 0.42195704355467 -0.8471214762983535 -0.3542750801614858 -0.4814928635181843 9.14 -3.48 1.26 9.73 -1.34 -0.66 0.01 0.0 -0.01 -0.02 -0.0 0.0
0.617931955311974 0.3631570480544184 -0.9122549743703747 -0.3493450915465246 -0.43896135455881335 9.11 -3.56 1.25 9.84 -1.44 -0.6 -0.01 0.0 -0.01 -0.01 -0.0 0.02
0.6062970828846659 0.3301463609376398 -0.9244409014286843 -0.34007731729367663 -0.4112002663888461 9.16 -3.46 1.18 9.76 -1.46 -0.65 -0.01 0.01 -0.01 -0.0 -0.01 0.01
0.6310458136394601 0.3185836013140104 -0.9916222978987091 -0.351343679260097 -0.40808360240259844 9.15 -3.54 1.24 9.8 -1.36 -0.54 -0.03 -0.01 -0.02 -0.0 -0.0 0.02
0.6809341195633891 0.31767537934223355 -1.1026803185623553 -0.3942118585881076 -0.4633438449734797 9.14 -3.57 1.05 10.01 -1.16 -0.38 -0.06 -0.02 0.01 -0.12 0.1 0.04
0.6198948855171267 0.43935586651122094 -0.9758107418702087 -0.39963945808673884 -0.5397125626025456 9.33 -3.04 0.95 9.89 -1.23 -0.69 -0.31 -0.05 0.07 -0.17 0.06 0.02
0.6471854474018102 0.37078005810461434 -0.982908261705534 -0.4052087190234914 -0.5518388359695052 9.42 -3.66 1.0 9.89 -1.3 -0.62 -0.56 -0.07 0.13 -0.09 0.06 0.0
0.6606427960168162 0.40994137196994984 -0.907030578834906 -0.4376850746360077 -0.6717579306124435 9.22 -3.43 0.74 9.9 -1.09 -0.62 -0.73 -0.09 0.22 -0.12 0.06 -0.01
0.8152377480427475 0.20762118064332924 -1.0058880726302142 -0.4950171031191246 -0.7709001131782429 8.95 -4.36 0.56 9.79 -0.93 -0.35 -0.9 -0.13 0.31 -0.13 0.06 -0.03
1.024794700520502 0.0 -1.0413544332095848 -0.5459034529723965 -0.885251653438786 8.68 -4.98 0.69 9.82 -0.9 -0.37 -0.78 -0.22 0.53 -0.11 0.07 -0.1
1.1661725209132783 0.0 -1.3331080693069437 -0.5516792049289592 -0.7629758391665575 8.71 -5.13 0.45 9.88 -1.33 -0.24 -0.73 -0.33 0.76 -0.13 0.05 -0.1
1.3708714274568479 0.0 -1.5439504162478672 -0.5641672765553807 -0.6969635387027324 8.71 -5.71 0.39 9.96 -1.36 -0.27 -0.67 -0.44 0.93 -0.12 0.07 -0.07
1.52369830936901 0.0 -1.6784818010354512 -0.5434337811769581 -0.5818830750144741 8.8 -5.79 0.23 9.94 -1.59 -0.45 -0.6 -0.52 1.06 -0.15 0.08 -0.02
1.6882453465010343 0.0 -1.8866515845525378 -0.5621672345654787 -0.5338236501966094 8.6 -5.62 -0.21 9.82 -1.39 -0.29 -0.67 -0.59 1.18 -0.16 0.09 0.04
1.8753988987177053 0.0 -1.8981859434520374 -0.5637832034592805 -0.5353675152966275 8.49 -5.92 -0.45 9.82 -1.39 -0.52 -0.74 -0.69 1.26 -0.2 0.09 0.08
2.052124974685654 0.0 -1.9791674854138754 -0.5086029306247752 -0.3569746323037748 8.48 -6.39 -0.57 9.72 -1.81 -0.67 -0.63 -0.73 1.33 -0.15 0.04 0.1
2.2783991931840575 0.0 -2.1847454573261906 -0.4819968017445291 -0.19286694822221762 8.32 -6.64 -0.7 9.86 -1.79 -0.51 -0.31 -0.73 1.38 -0.1 0.03 0.14
2.3741520056599654 0.0 -2.3124338998810505 -0.4826726862522577 -0.13666729318842386 8.34 -5.43 -1.0 9.93 -1.58 -0.48 -0.36 -0.71 1.36 -0.13 0.04 0.19
2.6591000175412915 0.0 -2.59159277417147 -0.5109602406081706 -0.07993680813740411 8.04 -6.39 -1.14 9.78 -1.37 -0.21 -0.54 -0.75 1.37 -0.18 0.1 0.21
2.927761297894236 0.0 -2.812969872255018 -0.5238769177885416 -0.011827278039675093 7.69 -6.38 -1.08 9.85 -1.4 -0.25 -0.49 -0.78 1.36 -0.24 0.11 0.21
3.1683170092937445 0.0 -2.9244997411500493 -0.48357111058612645 0.14274365460923377 7.5 -6.62 -1.31 9.71 -1.71 -0.51 -0.41 -0.77 1.35 -0.2 0.1 0.19
3.518437826522245 0.0 -3.0335987632826895 -0.4705878407278732 0.22463393016565192 7.24 -7.35 -1.71 9.55 -1.57 -0.49 -0.39 -0.73 1.38 -0.11 0.08 0.16
3.9405576579368073 0.0 -3.379707871016437 -0.5114744131387994 0.27852538242532887 6.9 -7.57 -1.97 9.73 -1.29 -0.1 -0.33 -0.8 1.46 -0.12 0.09 0.16
4.358836375072983 0.0 -3.6111758690240636 -0.5241613667133436 0.35051915852071147 6.76 -7.82 -2.09 10.01 -1.4 -0.22 -0.25 -0.89 1.5 -0.19 0.13 0.15
4.77537067351733 0.0 -3.9818523108739967 -0.49992471061192134 0.5865530360776745 6.66 -8.16 -2.27 10.02 -1.73 -0.18 -0.15 -0.9 1.52 -0.23 0.13 0.12
5.206356537539882 0.0 -4.306068515326059 -0.47777238201300065 0.7948955128323121 6.19 -8.13 -2.5 9.81 -1.75 -0.2 -0.11 -0.91 1.56 -0.16 0.13 0.07
5.69686395333769 0.0 -4.6555424030363115 -0.48864449324899795 0.9267553912722235 5.79 -8.2 -2.76 9.91 -1.56 -0.09 -0.21 -0.95 1.6 -0.19 0.14 0.04
6.225811217378514 0.0 -5.004126150951298 -0.46145690416392426 1.1599738590439017 5.17 -8.57 -2.76 9.81 -1.78 -0.16 -0.2 -0.98 1.62 -0.21 0.13 0.04
6.750284009610752 0.0 -5.399472292628046 -0.4325042590224939 1.4204345689497018 4.79 -8.5 -3.06 9.95 -1.88 -0.13 -0.13 -1.0 1.61 -0.24 0.14 0.06
7.336823626774105 0.0 -5.735542051773564 -0.4182246592649932 1.6127931165342773 4.4 -8.72 -3.21 9.83 -1.76 -0.14 -0.18 -1.03 1.59 -0.26 0.13 0.07
7.931470780255687 0.0 -6.129994392476745 -0.3831098105421944 1.8896822424747768 3.94 -8.78 -3.21 9.85 -1.92 -0.13 -0.14 -1.06 1.55 -0.24 0.14 0.06
8.536956939664975 0.0 -6.632293161917942 -0.34903846481429923 2.215927943848925 3.5 -8.66 -3.22 9.87 -1.99 0.0 -0.1 -1.06 1.5 -0.2 0.13 0.05
9.162524172336632 0.0 -6.988550266439135 -0.30580046937765815 2.497104771517627 2.94 -8.59 -3.12 9.75 -2.01 -0.14 -0.09 -1.02 1.44 -0.15 0.14 0.04
9.862269984592217 0.0 -7.386373598644846 -0.3063056763263745 2.678795620939013 2.64 -8.69 -3.44 9.7 -1.7 -0.01 -0.07 -1.0 1.4 -0.09 0.11 0.03
10.574845323372088 0.0 -7.821040613358806 -0.29680743371631024 2.9052435430942296 2.15 -8.62 -3.37 9.84 -1.73 0.03 -0.1 -1.0 1.33 -0.16 0.12 0.04
11.25886833031479 0.0 -8.207887941858283 -0.24110164607292006 3.2363079505430505 1.75 -8.55 -3.18 9.86 -2.05 -0.11 -0.08 -0.96 1.25 -0.19 0.13 0.03
12.017682853793154 0.0 -8.617632936492532 -0.1954743703138746 3.5511662278546225 1.24 -8.8 -3.44 9.73 -2.04 -0.08 -0.05 -0.89 1.17 -0.08 0.12 0.01
12.820768233071632 0.0 -9.151125975690272 -0.20923072927088526 3.7613849449442966 0.92 -8.52 -3.61 9.7 -1.64 0.2 -0.14 -0.89 1.12 -0.08 0.1 -0.01
13.64080960994167 0.0 -9.532643727680856 -0.17769992255388445 4.02351808177994 0.38 -8.73 -3.22 9.74 -1.84 -0.0 -0.21 -0.85 1.04 -0.15 0.09 0.02
14.466629404465813 0.0 -9.894382730765342 -0.13137645650795093 4.3177715850238485 0.04 -8.76 -3.23 9.65 -1.96 -0.08 -0.09 -0.76 0.99 -0.12 0.08 0.06
15.348491149644381 0.0 -10.365987356619137 -0.13047304223624678 4.538291152225838 -0.16 -8.71 -3.5 9.83 -1.71 0.11 -0.1 -0.7 0.94 -0.09 0.05 0.05
16.258458821674523 0.0 -11.028325747651408 -0.13090001551933028 4.8470002696982135 -0.38 -8.78 -3.54 9.97 -1.71 0.38 -0.18 -0.69 0.89 -0.16 0.07 0.04
17.146243506033805 0.0 -11.627846145449954 -0.07209674209997274 5.293729268900989 -0.65 -8.99 -3.22 9.81 -2.1 0.29 -0.18 -0.66 0.85 -0.15 0.09 0.04
18.06147013283784 0.0 -12.235899251241863 -0.04853128385251182 5.64444762025289 -0.93 -8.74 -3.13 9.77 -1.92 0.37 -0.08 -0.59 0.81 -0.08 0.07 0.03
19.013606739889454 0.0 -12.750976047910987 -0.029854374120390048 5.935515770072783 -1.35 -8.63 -3.29 9.84 -1.84 0.29 -0.12 -0.57 0.76 -0.07 0.07 0.04
19.996885076525224 0.0 -13.329081445968932 -0.007225979589335907 6.268719091134727 -1.73 -8.6 -3.6 9.82 -1.85 0.35 -0.16 -0.56 0.72 -0.15 0.1 0.06
20.972886221496935 0.0 -13.768021393218984 0.040577418901321494 6.607326632913583 -1.85 -8.75 -3.4 9.85 -2.01 0.16 -0.11 -0.52 0.68 -0.15 0.05 0.06
21.982445495581096 0.0 -14.276149176547724 0.06268777957870952 6.905312038025727 -2.08 -8.61 -3.45 9.65 -1.83 0.25 -0.08 -0.44 0.67 -0.12 0.05 0.02
22.98722041323461 0.0 -14.755369212256152 0.1066843845219978 7.25352333051697 -2.4 -8.42 -3.55 9.7 -1.97 0.2 -0.13 -0.4 0.64 -0.14 0.01 0.05
24.032914456424088 0.0 -15.434481383102929 0.15083487301016874 7.701594594102204 -2.6 -8.65 -3.52 9.59 -2.02 0.45 -0.12 -0.4 0.6 -0.12 0.04 0.04
25.04814193945019 0.0 -15.964609368037518 0.21628165520564835 8.13977184180925 -2.8 -8.42 -3.32 9.68 -2.19 0.31 -0.06 -0.39 0.56 -0.11 0.06 0.05
26.11169773177467 0.0 -16.57330534779442 0.25431593415152065 8.536838222025352 -2.92 -8.41 -3.51 9.75 -2.04 0.43 -0.06 -0.37 0.53 -0.09 0.07 0.03
27.185484306515008 0.0 -17.053238378033164 0.304337797483214 8.90588796506097 -3.14 -8.37 -3.57 9.78 -2.08 0.29 -0.09 -0.38 0.49 -0.13 0.09 0.03
28.285286813306826 0.0 -17.585824997055227 0.35097793962376045 9.29197558984211 -3.34 -8.38 -3.62 9.78 -2.06 0.34 -0.15 -0.4 0.48 -0.15 0.11 0.02
29.373683902257753 0.0 -18.054027178467905 0.4166187348760957 9.703214216512322 -3.41 -8.44 -3.45 9.58 -2.16 0.26 -0.1 -0.38 0.48 -0.13 0.07 0.03
30.494033805120104 0.0 -18.481275565992952 0.45461832256125945 10.011881134037992 -3.57 -8.23 -3.51 9.68 -1.98 0.22 -0.05 -0.32 0.5 -0.09 0.02 0.02
31.62473427438301 0.0 -18.96951713009172 0.5077962620577381 10.397616358528126 -3.79 -8.21 -3.48 9.72 -2.07 0.28 -0.08 -0.3 0.5 -0.12 0.02 0.03
32.72810143202399 0.0 -19.575509347169543 0.5848208694531962 10.916187891277701 -3.84 -8.11 -3.39 9.82 -2.3 0.44 -0.09 -0.3 0.49 -0.1 0.02 0.06
33.866355032258745 0.0 -20.277230563580392 0.6317053868766465 11.394958635458948 -3.78 -8.19 -3.39 9.7 -2.1 0.65 -0.06 -0.33 0.45 -0.04 0.05 0.02
35.03300339959627 0.0 -20.859344430242828 0.6763611161622975 11.806279545645651 -4.04 -8.15 -3.21 9.71 -2.03 0.57 -0.04 -0.34 0.43 -0.07 0.09 0.03
36.1924788709387 0.0 -21.514013780209385 0.7301026257343182 12.283761209425052 -4.16 -8.0 -3.17 9.56 -2.05 0.67 -0.01 -0.34 0.37 -0.05 0.1 0.05
37.33896674828867 0.0 -22.060865420566316 0.814010755563757 12.79828369136672 -4.34 -7.97 -3.01 9.77 -2.32 0.55 0.04 -0.32 0.32 -0.03 0.11 0.09
38.539590045387925 0.0 -22.67086805300177 0.8518688902829439 13.207173940807536 -4.42 -7.92 -3.09 9.66 -1.99 0.64 0.06 -0.3 0.28 -0.01 0.11 0.02
39.72307935416308 0.0 -23.094913730039043 0.9075055527321183 13.573306352246135 -4.43 -7.92 -3.02 9.64 -2.05 0.41 0.0 -0.29 0.26 -0.09 0.09 0.04
40.91488231276303 0.0 -23.547509623313186 0.9820429769839052 14.013143661102447 -4.53 -8.16 -2.99 9.8 -2.23 0.4 0.1 -0.21 0.24 -0.04 0.09 0.04
42.12416197406847 0.0 -24.07284454246747 1.0346856909954596 14.425995418893876 -4.75 -7.53 -3.31 9.85 -2.1 0.5 0.14 -0.18 0.21 -0.07 0.1 0.01
43.33962599832655 0.0 -24.63025148108128 1.1106764382666228 14.928698502106954 -4.86 -7.7 -3.56 9.64 -2.22 0.58 -0.13 -0.24 0.22 -0.07 0.11 -0.01
44.565185405413274 0.0 -25.051487017855095 1.1863161213998268 15.358079424990166 -4.9 -8.06 -3.18 9.59 -2.24 0.43 -0.13 -0.26 0.23 -0.03 0.1 -0.03
45.80254759808069 0.0 -25.510099688514558 1.2430254707052626 15.750985033590098 -4.96 -7.86 -3.1 9.65 -2.11 0.46 -0.06 -0.23 0.27 -0.04 0.07 -0.02
47.06038441436135 0.0 -25.99559241293366 1.3001985986609697 16.161046571134733 -5.17 -7.69 -3.15 9.67 -2.08 0.51 -0.08 -0.21 0.3 -0.1 0.09 -0.02
48.27975390907591 0.0 -26.5698732636294 1.381698876231809 16.695815066159696 -5.09 -7.71 -3.07 9.66 -2.25 0.67 -0.1 -0.23 0.31 -0.11 0.07 -0.0
49.499047761007915 0.0 -27.136164728112604 1.460315550559102 17.219156536414914 -5.12 -7.56 -2.87 9.65 -2.26 0.72 -0.09 -0.22 0.31 -0.08 0.05 0.01
50.72779104366319 0.0 -27.706340406882063 1.5455010096867028 17.76664766765431 -5.23 -7.59 -2.78 9.71 -2.33 0.77 -0.05 -0.2 0.3 -0.05 0.04 0.03
51.981742629340374 0.0 -28.369007608145118 1.5936825943183663 18.255025805111003 -5.22 -7.29 -2.92 9.59 -2.01 0.92 -0.04 -0.18 0.26 -0.03 0.06 -0.02
53.24485096235716 0.0 -28.900703872972507 1.6632441298238518 18.736296886025016 -5.39 -7.48 -3.0 9.72 -2.14 0.8 -0.14 -0.19 0.23 -0.08 0.08 -0.03
54.46945399496268 0.0 -29.887319403041865 1.7629262084690822 19.57353264627774 -5.35 -7.65 -3.02 9.65 -2.31 1.49 -0.12 -0.2 0.23 -0.18 0.09 -0.02
55.75184755914877 0.0 -30.32614730502451 1.833067766115775 20.00666429976185 -5.58 -7.7 -3.02 9.6 -2.18 0.85 -0.09 -0.2 0.25 -0.1 0.11 -0.06
57.04614422819984 0.0 -30.76567879090224 1.8947121148336379 20.415151681526567 -5.74 -7.42 -2.92 9.66 -2.1 0.73 -0.1 -0.19 0.26 -0.1 0.1 -0.05
58.307638215507176 0.0 -31.23681983508072 1.9769135208193802 20.906857491293948 -5.74 -7.26 -2.76 9.72 -2.24 0.75 -0.04 -0.18 0.25 -0.07 0.06 -0.02
59.566422289284745 0.0 -31.75705352147391 2.0483693177423135 21.396137721310907 -5.67 -7.14 -2.8 9.74 -2.17 0.82 -0.01 -0.15 0.19 -0.04 0.04 -0.01
60.8500491712082 0.0 -32.32048531897097 2.124725282458712 21.92820024173372 -5.88 -7.09 -3.06 9.63 -2.16 0.92 -0.13 -0.17 0.17 -0.04 0.07 -0.03
62.11790871661901 0.0 -32.76515074734232 2.195491910745318 22.37344255790387 -5.79 -7.4 -2.76 9.7 -2.15 0.78 -0.15 -0.18 0.16 -0.03 0.06 -0.02
63.39154849053715 0.0 -33.27325423164915 2.249291491210599 22.806338398202442 -5.74 -7.25 -2.78 9.71 -1.99 0.84 -0.02 -0.16 0.15 -0.02 0.08 -0.04
64.67677413682844 0.0 -33.83076239193352 2.3187897264008086 23.31954840654093 -5.95 -7.26 -3.05 9.74 -2.06 0.96 -0.08 -0.17 0.16 -0.05 0.12 -0.05
65.94416295526834 0.0 -34.39008735307346 2.3890958977107744 23.83846758155387 -5.92 -7.31 -2.82 9.66 -2.05 1.01 -0.1 -0.19 0.18 -0.07 0.11 -0.05
67.24339087227331 0.0 -34.925617413579396 2.447227190416598 24.306972280674913 -6.11 -7.39 -2.83 9.63 -1.95 0.99 -0.05 -0.18 0.2 -0.07 0.13 -0.06
68.5194604869746 0.0 -35.399212614764856 2.525812658792873 24.801973811852022 -6.18 -7.1 -2.8 9.66 -2.11 0.94 -0.05 -0.19 0.22 -0.08 0.13 -0.05
69.78412738397256 0.0 -35.860928630306674 2.611328000632767 25.31255144196983 -6.23 -7.15 -2.79 9.56 -2.18 0.93 -0.06 -0.19 0.23 -0.1 0.19 -0.06
71.08641623843653 0.0 -36.39600318751553 2.68341340059321 25.8301359221217 -6.45 -6.81 -2.75 9.69 -2.1 1.04 -0.1 -0.21 0.24 -0.09 0.12 -0.04
72.34455466770913 0.0 -36.9324768793444 2.768345525250183 26.390609323030844 -6.32 -6.79 -2.32 9.52 -2.14 1.1 -0.11 -0.19 0.2 -0.07 0.07 0.0
73.59197772411036 0.0 -37.39687140295911 2.8485544364163786 26.892020651981525 -6.2 -6.59 -1.9 9.58 -2.15 1.02 0.0 -0.11 0.13 -0.05 0.01 0.04
74.84684340096699 0.0 -37.88901123569556 2.9324048917026744 27.424787506502028 -6.33 -6.42 -2.39 9.75 -2.2 1.08 0.04 -0.04 0.03 -0.04 0.03 0.02
76.08427356574973 0.0 -38.422852715431034 3.0329628903931223 28.03888707703848 -6.52 -6.83 -2.9 9.59 -2.28 1.2 -0.09 -0.07 -0.02 -0.04 0.04 0.02
77.31959363344095 0.0 -38.90204196888489 3.0980430347537435 28.509787490266447 -6.4 -7.26 -2.7 9.56 -2.04 1.09 -0.06 -0.11 0.01 0.01 0.09 0.01
78.56858032365362 0.0 -39.31331658068968 3.13509594571363 28.850404358408056 -6.29 -7.12 -2.55 9.7 -1.82 0.92 -0.01 -0.09 0.06 -0.03 0.08 0.0
79.81934458808625 0.0 -39.70004460638327 3.2058113756696827 29.279404711757394 -6.54 -6.67 -2.82 9.81 -2.04 0.92 0.0 -0.06 0.09 -0.1 0.07 -0.01
81.04876579359517 0.0 -40.14585529885696 3.2984525437798737 29.81773514053286 -6.72 -6.67 -2.96 9.69 -2.19 1.06 -0.09 -0.08 0.08 -0.08 0.07 -0.03
82.23722545763349 0.0 -40.58535118243772 3.390784959797145 30.35264128631816 -6.51 -6.76 -2.51 9.5 -2.2 1.09 -0.12 -0.1 0.09 -0.02 0.02 -0.03
83.4472924803308 0.0 -40.97526820538266 3.4597336801650016 30.78321622554472 -6.45 -6.49 -2.34 9.53 -2.07 0.99 -0.03 -0.04 0.06 0.0 -0.04 -0.02
84.63265351120955 0.0 -41.40674252212259 3.54986374407585 31.309487973736125 -6.54 -6.48 -2.48 9.48 -2.17 1.1 -0.07 -0.01 0.03 -0.02 -0.06 -0.01
85.78368245354264 0.0 -41.83485494271463 3.6357029750354286 31.822286452591953 -6.39 -6.62 -2.4 9.69 -2.2 1.14 -0.07 0.01 -0.0 0.02 -0.08 0.01
86.92593750163425 0.0 -42.30000931156531 3.694170440630586 32.28053375072162 -6.29 -6.9 -2.5 9.68 -1.96 1.16 -0.05 0.03 -0.02 0.02 -0.08 -0.01
88.06799694874324 0.0 -42.76778096244243 3.7531951029336454 32.7445507903937 -6.42 -6.92 -2.85 9.84 -1.93 1.2 -0.06 0.04 -0.02 -0.0 -0.04 -0.04
89.18644129020103 0.0 -43.22365923377745 3.8185054301357013 33.221239960081064 -6.45 -7.13 -2.78 9.7 -1.92 1.21 -0.11 -0.0 0.0 -0.04 -0.01 -0.05
90.30106064797478 0.0 -43.63750026362808 3.896404942573014 33.70749390359612 -6.47 -7.0 -2.43 9.62 -2.02 1.19 -0.05 -0.0 0.04 -0.05 -0.01 -0.03
91.40568460294077 0.0 -44.01802919730426 3.976742353413556 34.178256896498425 -6.44 -6.65 -2.5 9.82 -2.13 1.17 0.01 0.03 0.01 -0.04 -0.0 -0.02
92.49520183628017 0.0 -44.41662326284118 4.061475497263601 34.67760331702813 -6.58 -6.6 -2.82 9.71 -2.15 1.21 -0.07 0.0 -0.02 -0.03 0.01 -0.04
93.55921511637261 0.0 -44.78413001149466 4.144786875553123 35.15084552676471 -6.55 -6.9 -2.52 9.6 -2.15 1.17 -0.1 -0.02 -0.03 0.0 0.0 -0.04
94.63224220572783 0.0 -45.15849261517856 4.201109054530633 35.549508285133484 -6.47 -6.92 -2.36 9.71 -1.97 1.12 -0.01 0.0 -0.02 -0.0 -0.01 -0.02
95.69202003237378 0.0 -45.53115457025994 4.261511954903895 35.9608511137407 -6.44 -6.6 -2.63 9.76 -1.96 1.13 0.03 0.02 -0.02 -0.04 0.01 -0.0
96.71748687841686 0.0 -45.89607349862221 4.336130053075735 36.410715204143685 -6.56 -6.74 -2.85 9.74 -2.05 1.17 -0.05 -0.01 -0.02 -0.06 0.02 -0.01
97.72615423770667 0.0 -46.22161715263744 4.394356532450971 36.78199158240852 -6.38 -6.9 -2.56 9.68 -1.96 1.07 -0.04 -0.0 -0.01 -0.03 -0.01 -0.02
98.73536936871494 0.0 -46.515982811653416 4.457421387141736 37.14454771479514 -6.39 -6.74 -2.49 9.66 -2.0 1.02 0.04 0.03 -0.01 -0.03 0.0 -0.01
99.726556602661 0.0 -46.86563012430128 4.536191411586046 37.59942058526002 -6.57 -6.59 -2.81 9.64 -2.08 1.16 -0.02 0.02 -0.02 -0.05 0.0 -0.02
100.68873245380665 0.0 -47.19455975339442 4.610371374736545 38.025444264452545 -6.45 -6.78 -2.53 9.67 -2.09 1.16 -0.02 0.01 -0.04 -0.03 -0.0 -0.01
101.6528759199704 0.0 -47.53594343299967 4.675196853387121 38.435110206608 -6.54 -6.75 -2.66 9.65 -2.01 1.17 0.02 0.03 -0.04 -0.02 -0.01 -0.01
102.6049393856968 0.0 -47.838636360123644 4.739217677275192 38.81230588435395 -6.57 -6.69 -2.74 9.67 -2.02 1.12 -0.0 0.02 -0.05 -0.03 0.01 -0.01
103.52512817801872 0.0 -48.1483768797778 4.810532470224842 39.21828210338475 -6.6 -6.8 -2.79 9.69 -2.07 1.16 -0.03 0.0 -0.04 -0.02 0.0 -0.01
104.45288271353105 0.0 -48.463960775143406 4.860792267499818 39.5679826889216 -6.62 -6.83 -2.78 9.61 -1.9 1.11 -0.04 -0.01 -0.03 -0.01 -0.0 -0.01
105.36652777042356 0.0 -48.73321820488484 4.912567212524877 39.884910013385394 -6.56 -6.87 -2.56 9.64 -1.92 1.04 -0.02 0.0 -0.01 -0.02 -0.02 -0.0
106.24552090484353 0.0 -49.02046717367363 4.975659630983145 40.25162312176771 -6.49 -6.69 -2.81 9.71 -2.0 1.11 -0.01 0.01 -0.01 -0.01 -0.01 -0.01
107.1067451757394 0.0 -49.37274743553703 5.044709245262453 40.692300082318724 -6.5 -6.76 -2.7 9.7 -2.0 1.27 -0.06 -0.01 -0.0 -0.04 -0.02 -0.01
107.95624893278365 0.0 -49.66468234859779 5.109654260968185 41.07106952647611 -6.44 -6.84 -2.49 9.63 -2.01 1.2 -0.06 -0.0 0.0 -0.02 -0.03 -0.01
108.79046447404681 0.0 -49.966065229644435 5.174920392035887 41.460216765759384 -6.31 -6.72 -2.44 9.67 -2.02 1.23 0.01 0.02 -0.02 -0.02 -0.03 -0.01
109.61804850132442 0.0 -50.281731744772415 5.232814401859045 41.841469561216954 -6.35 -6.61 -2.65 9.61 -1.94 1.24 -0.0 0.02 -0.04 -0.03 -0.02 -0.01
110.42389406997826 0.0 -50.54252917342853 5.292830271287841 42.18253704285274 -6.33 -6.78 -2.45 9.79 -2.03 1.19 -0.0 0.04 -0.07 -0.02 -0.02 -0.01
111.21944136194544 0.0 -50.781258974075364 5.3505074146994644 42.498462633500836 -6.42 -6.72 -2.66 9.73 -2.03 1.13 0.0 0.06 -0.1 -0.0 -0.01 -0.03
111.96362552718611 0.0 -51.074649236886344 5.406709128162717 42.8594190025688 -6.39 -7.01 -2.81 9.76 -1.98 1.22 -0.02 0.03 -0.1 0.01 0.01 -0.03
112.7136577396958 0.0 -51.374706172690146 5.449980076730185 43.189906460745576 -6.44 -7.06 -2.85 9.65 -1.84 1.2 -0.05 -0.01 -0.07 0.01 0.02 -0.03
113.48036250073123 0.0 -51.585292846039096 5.487962857731262 43.42624509834559 -6.46 -7.02 -2.57 9.62 -1.85 1.03 -0.03 -0.01 -0.03 -0.02 -0.0 -0.02
114.21692384092398 0.0 -51.826292338822135 5.548682093573603 43.75711186105568 -6.48 -6.78 -2.75 9.69 -2.0 1.15 -0.01 0.0 -0.0 -0.03 -0.01 -0.02
114.93508961970082 0.0 -52.01505299986085 5.5985001422949665 44.009971547747895 -6.47 -6.93 -2.68 9.65 -2.0 1.04 -0.08 -0.02 0.02 -0.03 -0.02 0.0
115.65882367589376 0.0 -52.255610731953624 5.641257339733102 44.29021047021209 -6.38 -6.88 -2.46 9.7 -1.92 1.1 -0.05 0.0 0.03 -0.03 -0.04 -0.0
116.35446819351957 0.0 -52.487946302930816 5.691627673359406 44.58607731338677 -6.38 -6.88 -2.52 9.73 -1.97 1.14 0.0 0.02 0.02 -0.04 -0.03 0.01
117.03377015141461 0.0 -52.70983881667479 5.741470922418131 44.871764848929985 -6.41 -6.84 -2.67 9.71 -1.98 1.14 -0.03 0.01 0.01 -0.07 -0.01 -0.0
117.70173879047232 0.0 -52.95150802543832 5.7976573887903555 45.19497665191945 -6.35 -6.81 -2.52 9.66 -2.0 1.21 -0.01 0.0 -0.0 -0.05 0.01 -0.0
118.3687317434843 0.0 -53.16627936209215 5.83873789840105 45.45057874891786 -6.4 -6.75 -2.68 9.79 -1.96 1.15 0.03 0.02 -0.03 -0.02 0.01 -0.0
119.00451412658938 0.0 -53.364760920509184 5.893068134836696 45.730047677790694 -6.46 -6.74 -2.83 9.71 -2.04 1.16 -0.02 0.01 -0.06 -0.01 0.02 -0.02
119.63003769970604 0.0 -53.562558904331794 5.932247329280457 45.96607272350447 -6.37 -6.83 -2.79 9.64 -1.94 1.1 -0.02 0.01 -0.07 0.01 0.01 -0.03
120.27397348897716 0.0 -53.73347647920489 5.958288925151095 46.13979855721007 -6.38 -6.76 -2.68 9.68 -1.87 1.0 -0.03 0.01 -0.06 -0.02 0.01 -0.03
120.86554096955881 0.0 -53.904822550957924 5.998963424818811 46.35673161535949 -6.45 -7.02 -2.69 9.67 -1.95 1.04 -0.0 0.03 -0.04 -0.02 0.01 -0.01
121.4629602624692 0.0 -54.096560875696895 6.041950043620361 46.60038144258138 -6.45 -6.77 -2.82 9.66 -1.96 1.1 -0.03 0.02 -0.03 -0.03 -0.01 -0.02
122.0431317111667 0.0 -54.24711484382281 6.089937461320773 46.81983653572374 -6.49 -6.91 -2.59 9.7 -2.06 1.08 -0.04 0.02 -0.02 -0.03 -0.02 -0.01
122.63038568789416 0.0 -54.43700909808129 6.125496495542464 47.042060926409576 -6.48 -6.79 -2.62 9.72 -1.96 1.11 0.01 0.04 -0.03 -0.03 -0.03 -0.01
123.20985066203149 0.0 -54.62165257753277 6.161224405558514 47.260530214746936 -6.42 -6.71 -2.56 9.73 -1.95 1.12 -0.01 0.05 -0.05 -0.03 -0.04 -0.01
123.77242611104386 0.0 -54.78803822860664 6.194977007989209 47.456547518137455 -6.3 -6.68 -2.54 9.64 -1.93 1.08 0.01 0.07 -0.08 -0.01 -0.05 -0.0
124.34263423336775 0.0 -54.9338985838621 6.232767029072349 47.64497466749235 -6.25 -6.48 -2.44 9.54 -1.96 1.05 0.01 0.1 -0.14 -0.01 -0.09 -0.01
124.93737276550041 0.0 -55.105826281628424 6.261978718496579 47.83505640455219 -6.15 -6.27 -2.15 9.43 -1.86 1.05 0.08 0.19 -0.22 -0.01 -0.16 -0.01
125.50266979565316 0.0 -55.26671886157579 6.282686935913318 47.99098481399599 -6.08 -6.12 -2.55 9.52 -1.82 1.02 0.1 0.3 -0.33 -0.04 -0.23 -0.05
126.04610839058377 0.0 -55.35877466495235 6.3180665072578535 48.122297763149305 -5.96 -5.93 -2.69 9.53 -1.99 0.96 -0.04 0.33 -0.45 -0.01 -0.28 -0.08
126.57264982255141 0.0 -55.411102114730895 6.326238066367736 48.13818513905761 -5.64 -6.38 -2.19 9.32 -1.84 0.73 -0.17 0.37 -0.56 0.05 -0.35 -0.1
127.03987799423383 0.0 -55.34149644343673 6.357882983798774 48.10261080302435 -5.4 -6.56 -2.19 9.64 -2.21 0.61 -0.08 0.5 -0.67 0.13 -0.45 -0.01
127.38738160970567 0.0 -55.43484161474298 6.344596698951818 48.10016271348256 -5.65 -7.32 -3.67 9.94 -1.85 0.71 -0.06 0.53 -0.71 0.21 -0.31 -0.02
127.72444446753134 0.0 -55.57124617184247 6.344178076771627 48.177123960877 -5.25 -7.46 -3.59 9.69 -1.74 0.82 -0.25 0.38 -0.72 0.16 -0.29 -0.03
128.0787699504328 0.0 -55.53342057677768 6.297569068893608 47.95282588601374 -4.71 -8.08 -2.73 9.7 -1.59 0.35 -0.11 0.45 -0.7 0.19 -0.27 -0.07
128.44830248425518 0.0 -55.59121031819756 6.277695345064714 47.89895110115819 -4.86 -7.59 -3.02 9.86 -1.66 0.56 0.1 0.54 -0.69 0.14 -0.32 -0.09
128.80028097897014 0.0 -55.62225708685793 6.266431823747823 47.84450671623681 -5.09 -7.17 -3.71 10.06 -1.8 0.61 -0.0 0.49 -0.72 0.06 -0.19 -0.01
129.03002813635567 0.0 -55.698752473196926 6.252569167000971 47.827337353702944 -4.59 -8.1 -3.51 9.64 -1.66 0.64 -0.23 0.38 -0.75 0.12 -0.21 -0.03
129.309942916367 0.0 -55.55452136440548 6.207721159573325 47.50846777031947 -3.96 -8.43 -2.47 9.78 -1.73 0.16 0.02 0.47 -0.75 0.1 -0.27 -0.03
129.53864893259663 0.0 -55.52186754561575 6.19745013425694 47.39869964407694 -4.1 -8.12 -3.23 10.01 -1.91 0.43 0.29 0.63 -0.77 0.2 -0.18 -0.06
129.8033451597843 0.0 -55.627834636198806 6.153508205762392 47.324591748665014 -4.52 -7.58 -4.25 9.96 -1.54 0.57 0.05 0.53 -0.75 0.11 -0.1 -0.05
129.99375846822113 0.0 -55.54828375199368 6.118346957529894 47.09901384082022 -3.82 -8.2 -3.56 9.29 -1.58 0.23 -0.29 0.42 -0.8 -0.05 -0.12 -0.0
130.19406773720985 0.0 -55.3782161716761 6.04627557284914 46.68109635875764 -2.84 -8.87 -2.23 9.96 -1.61 -0.04 0.1 0.61 -0.81 0.04 -0.27 -0.05
130.31154117153045 0.0 -55.24810237706522 6.023525957867847 46.44775573006157 -3.3 -8.27 -4.02 10.0 -1.9 0.15 0.37 0.76 -0.75 0.07 -0.17 -0.05
130.4806885788222 0.0 -55.33681838896044 5.966579602964984 46.31948105980467 -3.46 -7.75 -4.68 9.86 -1.45 0.41 -0.1 0.58 -0.77 0.04 -0.09 -0.02
130.5321586856067 0.0 -55.10674813151608 5.8991685617628065 45.86330580041769 -2.7 -9.21 -3.6 9.72 -1.61 -0.14 -0.19 0.49 -0.75 -0.07 -0.13 -0.04
130.58155526022534 0.0 -54.93947719782524 5.858279549815052 45.546655437475096 -2.58 -9.11 -3.58 9.77 -1.77 -0.02 0.2 0.57 -0.69 0.08 -0.11 -0.14
130.69194625561977 0.0 -54.845746206509 5.812164587255282 45.28360112117167 -2.74 -8.1 -4.34 10.21 -1.8 0.16 0.2 0.56 -0.66 0.05 -0.08 -0.1
130.7258700351906 0.0 -54.75824767395726 5.72488929869742 44.90341785817694 -2.51 -8.71 -4.61 9.71 -1.38 -0.03 -0.07 0.43 -0.67 0.0 -0.01 -0.04
130.72727972353874 0.0 -54.53485647478041 5.664086615659542 44.4812773790097 -2.04 -9.18 -3.79 9.69 -1.63 -0.18 -0.04 0.38 -0.65 -0.01 -0.13 -0.09
130.7670469914222 0.0 -54.20877502692576 5.6104413892273755 43.99214557368015 -1.81 -8.77 -3.54 10.06 -1.92 -0.32 0.16 0.47 -0.62 0.06 -0.19 -0.04
130.77809468533678 0.0 -54.071792089939564 5.563095960926518 43.69332050804594 -1.93 -8.54 -4.0 9.83 -1.78 -0.04 0.15 0.49 -0.64 0.18 -0.12 -0.08
130.79430148248514 0.0 -54.085890603509995 5.471355253470449 43.39286137459388 -1.77 -8.6 -4.19 9.8 -1.29 0.12 -0.05 0.42 -0.63 0.04 -0.13 -0.05
130.73729388726872 0.0 -53.812399574245156 5.40671532211212 42.92407826734711 -1.2 -9.16 -3.55 9.74 -1.64 -0.22 -0.12 0.4 -0.61 0.01 -0.14 -0.05
130.65905947434476 0.0 -53.53196304238429 5.368799593751788 42.534670006184285 -1.3 -9.18 -3.53 9.99 -1.96 -0.16 0.1 0.49 -0.64 0.09 -0.1 -0.05
130.60346222805458 0.0 -53.450803769829264 5.30467296593234 42.2383328046016 -1.18 -8.72 -4.07 9.79 -1.61 0.06 0.12 0.46 -0.62 0.15 -0.08 -0.05
130.53349689017978 0.0 -53.35049600530942 5.2125287030076635 41.838911684111864 -0.86 -9.05 -3.79 9.99 -1.41 0.01 -0.07 0.42 -0.63 0.07 -0.1 -0.01
130.42619164831916 0.0 -53.05179427427115 5.157766063617203 41.38934113389807 -0.59 -9.26 -3.21 10.23 -1.85 -0.16 0.14 0.49 -0.65 0.06 -0.06 0.04
130.31363940902875 0.0 -52.8166944951556 5.1042728922151355 41.00012191605089 -0.61 -8.78 -3.88 9.83 -1.79 -0.14 0.27 0.52 -0.69 0.14 0.01 0.03
130.22621230819988 0.0 -52.8005194050506 4.989967176291259 40.602953023224515 -0.11 -8.67 -4.03 9.82 -1.16 0.02 0.0 0.43 -0.7 0.02 -0.04 0.03
130.02534839922453 0.0 -52.383642642779854 4.929718844125645 40.04720039383636 0.21 -9.47 -3.37 9.9 -1.79 -0.41 -0.02 0.45 -0.73 -0.08 -0.06 0.04
129.8273750099504 0.0 -51.96766467875254 4.906310427381115 39.6131422995565 0.13 -9.14 -3.39 9.91 -2.18 -0.37 0.32 0.56 -0.77 0.15 -0.06 0.03
129.69517197162608 0.0 -51.90252816805642 4.7911854752849194 39.176077472381195 0.48 -8.38 -4.45 9.63 -1.25 -0.14 0.17 0.52 -0.72 0.22 -0.05 -0.03
129.4778135201075 0.0 -51.70965609816513 4.684718073934079 38.662991608930795 0.81 -9.19 -3.95 9.77 -1.26 -0.24 -0.21 0.43 -0.72 0.01 -0.1 0.03
129.2191105672057 0.0 -51.26886239846389 4.608115215655218 38.052214784899505 1.1 -9.69 -3.19 9.99 -1.69 -0.54 0.04 0.49 -0.7 0.06 -0.12 0.02
128.96860648309888 0.0 -50.926309683131066 4.556942683803641 37.60445732820929 1.23 -9.01 -3.57 9.73 -1.82 -0.39 0.29 0.56 -0.67 0.2 -0.09 -0.03
128.81440643291072 0.0 -50.76244044022368 4.464239774573969 37.16424341252804 1.13 -8.2 -3.76 9.8 -1.44 -0.19 0.05 0.53 -0.73 0.11 -0.07 -0.0
128.5165252156373 0.0 -50.54279116037467 4.375916471621508 36.6959610484313 1.54 -9.08 -3.72 9.76 -1.42 -0.21 -0.09 0.47 -0.75 -0.05 -0.11 0.07
128.17072008304353 0.0 -50.11962644949677 4.31952218842342 36.17930769183768 1.93 -9.39 -3.31 9.96 -1.84 -0.41 0.03 0.47 -0.77 0.01 -0.11 0.02
127.83846649605145 0.0 -49.70600848623796 4.267228485922615 35.68745288098587 2.24 -9.06 -3.27 9.87 -1.93 -0.44 0.17 0.53 -0.75 0.21 -0.11 -0.03
127.56279004883804 0.0 -49.45709732927869 4.20059565633251 35.27559237758993 2.16 -8.54 -3.26 9.88 -1.74 -0.22 0.14 0.57 -0.79 0.22 -0.08 -0.01
127.24245343027124 0.0 -49.25956368311342 4.098926372035578 34.78920883995485 2.47 -8.67 -3.63 9.87 -1.39 -0.19 0.03 0.53 -0.82 0.1 -0.05 0.05
126.90635410841617 0.0 -48.892674518844956 4.037779925281541 34.31281827967234 2.72 -8.66 -2.95 9.73 -1.69 -0.33 -0.02 0.51 -0.88 -0.02 -0.05 0.09
126.45739060266416 0.0 -48.33292336551463 4.009319598350913 33.806777160997356 3.08 -9.24 -2.69 9.8 -2.15 -0.57 0.27 0.64 -0.95 0.07 -0.09 0.1
126.04500462616757 0.0 -47.954924797680434 3.9433559518072485 33.31444613326239 3.45 -8.58 -3.47 9.45 -1.78 -0.48 0.34 0.63 -0.91 0.25 -0.07 0.01
125.72292424797173 0.0 -47.80931484208219 3.7934082416182235 32.71581355778693 3.8 -8.26 -3.38 9.83 -1.0 -0.29 0.0 0.55 -0.86 0.14 -0.12 0.01
125.29706276665172 0.0 -47.33068954250867 3.6999146532369025 32.068615926804355 4.11 -8.75 -2.76 9.84 -1.42 -0.62 -0.18 0.56 -0.86 0.02 -0.12 0.01
124.78110338930341 0.0 -46.73604163470315 3.6583827280939545 31.516637843731246 4.14 -9.09 -2.7 9.84 -1.94 -0.73 0.14 0.64 -0.86 0.03 -0.1 0.01
124.3228775078468 0.0 -46.45007039788506 3.5875267083986415 31.08584216457477 4.3 -8.42 -3.09 10.01 -1.69 -0.33 0.19 0.64 -0.86 0.01 -0.06 0.04
123.89312338301377 0.0 -46.12833173474626 3.5003376837671283 30.57870329383718 4.47 -8.15 -2.78 9.87 -1.51 -0.35 -0.07 0.56 -0.88 -0.13 -0.05 0.04
123.33324480845039 0.0 -45.50693759392045 3.496767167636733 30.145416670658037 4.76 -8.43 -2.36 9.79 -2.27 -0.6 -0.08 0.58 -0.92 -0.07 -0.04 0.07
122.77914852601387 0.0 -45.07513295339374 3.450221670431148 29.703214585015957 5.09 -8.34 -2.6 9.68 -1.98 -0.47 0.09 0.61 -0.93 0.0 -0.06 0.08
122.2728820913865 0.0 -44.732229988072056 3.3578646905316987 29.174562770819605 5.55 -7.95 -2.54 9.75 -1.55 -0.41 0.06 0.54 -0.9 0.07 -0.06 0.03
121.74626472781553 0.0 -44.25340902145608 3.278431136426093 28.60040177063206 5.69 -7.93 -2.24 9.82 -1.61 -0.57 0.0 0.55 -0.87 0.05 -0.02 -0.02
121.16026957265063 0.0 -43.69930867083003 3.2437010046025705 28.126118384753397 5.77 -7.87 -2.19 9.94 -2.0 -0.61 0.08 0.6 -0.91 -0.01 -0.06 0.03
120.60157468931162 0.0 -43.25875758120696 3.171982602173543 27.60980808209456 6.05 -7.47 -2.4 9.8 -1.7 -0.54 0.07 0.58 -0.92 -0.01 -0.0 0.03
120.04608374840674 0.0 -42.869191619643786 3.0817392077336194 27.069548748635455 6.22 -7.46 -2.14 9.76 -1.46 -0.48 -0.22 0.54 -0.89 -0.1 -0.02 0.01
119.38769849530689 0.0 -42.283018532909395 3.047991832740209 26.588787687900165 6.35 -7.78 -1.96 9.75 -1.92 -0.65 -0.22 0.57 -0.87 -0.1 -0.01 0.03
118.67485371943377 0.0 -41.76052380469861 3.031320163955826 26.206850461188935 6.58 -7.83 -2.11 9.75 -2.12 -0.55 -0.11 0.57 -0.83 -0.02 -0.03 0.02
118.01486182182444 0.0 -41.372484741077294 2.9867915304842683 25.82394041654821 6.66 -7.49 -1.97 9.97 -1.95 -0.36 -0.09 0.56 -0.8 -0.04 0.0 0.05
117.34971391989156 0.0 -40.90718130398108 2.9133012356343926 25.301097676974436 6.93 -7.42 -1.92 9.81 -1.67 -0.5 -0.07 0.55 -0.75 -0.07 0.03 0.04
116.6824731292823 0.0 -40.435448483725 2.837790367679702 24.77085104256207 7.03 -7.36 -1.65 9.85 -1.58 -0.53 -0.07 0.48 -0.63 -0.08 0.03 -0.0
115.92502680249927 0.0 -39.89669827446844 2.8099788019704306 24.3538973911552 7.22 -7.6 -1.38 9.86 -1.94 -0.56 0.06 0.47 -0.55 -0.05 0.04 -0.0
115.20619023850932 0.0 -39.45718975405356 2.7775544669458156 23.986750722802398 7.15 -7.08 -1.53 9.86 -1.94 -0.42 0.29 0.45 -0.52 -0.01 0.07 -0.01
114.54583229691141 0.0 -39.031726647917175 2.703748522486535 23.49917748980232 7.3 -6.37 -1.67 9.71 -1.58 -0.44 0.26 0.41 -0.51 -0.04 0.09 -0.02
113.83567139065977 0.0 -38.471186937823006 2.64964610327479 22.99282155255524 7.45 -6.32 -1.5 9.64 -1.68 -0.62 0.14 0.39 -0.5 -0.07 0.05 -0.0
113.05264293620111 0.0 -37.834720733927135 2.6428489347164685 22.591113519849543 7.55 -6.38 -1.34 9.75 -2.11 -0.71 0.16 0.38 -0.51 -0.01 0.03 0.01
112.30038433653341 0.0 -37.32332031656286 2.6172794614804644 22.209581175965297 7.59 -6.01 -1.36 9.62 -1.99 -0.58 0.21 0.38 -0.55 0.04 -0.01 -0.0
111.59641016689821 0.0 -36.82649806999419 2.5479784483566448 21.703172779780317 7.61 -5.74 -1.21 9.58 -1.61 -0.59 0.12 0.39 -0.58 -0.02 -0.05 0.03
110.82402679540667 0.0 -36.17973420143536 2.5126163090544935 21.21290996660963 7.81 -5.74 -1.02 9.54 -1.81 -0.78 0.01 0.39 -0.61 -0.03 -0.09 0.06
109.97788854095307 0.0 -35.59042940451117 2.508685478531021 20.856711462299415 8.25 -5.64 -0.89 9.88 -2.14 -0.69 -0.01 0.41 -0.66 0.01 -0.09 0.09
109.17147797915102 0.0 -35.065692628318445 2.4785319121435236 20.461115699109996 8.22 -5.4 -0.86 9.86 -1.97 -0.61 -0.03 0.42 -0.71 0.04 -0.08 0.04
108.33472818571938 0.0 -34.481286836652494 2.4506833672887893 20.03781055153985 8.49 -5.34 -0.51 9.89 -1.97 -0.68 -0.08 0.47 -0.74 0.09 -0.1 0.05
107.46754668544772 0.0 -33.96906598257594 2.4123436873696136 19.629040018273884 8.65 -5.55 -0.32 9.79 -1.83 -0.59 -0.09 0.52 -0.73 0.1 -0.13 0.04
106.61719582723727 0.0 -33.550753566191574 2.343644360238713 19.18823984493143 8.61 -5.75 -0.08 9.94 -1.55 -0.44 -0.03 0.54 -0.67 0.06 -0.07 0.0
105.7759129244261 0.0 -33.0848205108841 2.28866234750177 18.76184338232362 8.41 -5.62 0.15 9.87 -1.56 -0.46 0.1 0.53 -0.63 -0.03 -0.01 -0.01
104.88661151718985 0.0 -32.49124320163289 2.272515155504152 18.376577720636305 8.75 -4.9 0.07 9.84 -1.87 -0.63 0.21 0.51 -0.63 -0.03 -0.01 -0.03
103.98395873505937 0.0 -31.914338879781308 2.2585296872329508 18.00880649607913 8.81 -4.72 0.23 9.82 -1.95 -0.65 0.14 0.5 -0.62 0.02 -0.0 -0.06
103.1043218920961 0.0 -31.39391153417304 2.2238191971324 17.61514156760734 8.78 -4.37 0.11 9.81 -1.8 -0.59 0.09 0.5 -0.63 0.03 0.0 -0.09
102.18205657019817 0.0 -30.768956971887505 2.2002650954245695 17.192742526415344 8.8 -4.47 0.17 9.75 -1.85 -0.74 0.11 0.48 -0.66 -0.03 0.01 -0.1
101.2675627311018 0.0 -30.16057287443827 2.157471543073072 16.725916367466652 8.85 -4.35 0.24 9.52 -1.64 -0.76 0.17 0.47 -0.66 -0.08 0.0 -0.12
100.3448015801766 0.0 -29.584511946348307 2.119301794935012 16.29400625680188 8.85 -4.19 0.36 9.5 -1.62 -0.72 0.11 0.43 -0.62 -0.15 -0.01 -0.14
99.38402450594307 0.0 -29.18638367055971 2.100285271480132 16.02548894505742 8.94 -4.1 0.55 9.7 -1.79 -0.43 -0.03 0.41 -0.57 -0.21 -0.01 -0.17
98.41524879215413 0.0 -28.64503538108864 2.083885262829469 15.679147038209095 8.81 -4.22 0.77 9.55 -1.81 -0.58 -0.05 0.36 -0.55 -0.12 0.0 -0.15
97.42190437023662 0.0 -28.26006005636179 2.0489147426277157 15.374376669608807 8.96 -4.4 0.94 9.72 -1.7 -0.36 0.08 0.34 -0.53 -0.16 0.03 -0.18
96.38650997841415 0.0 -27.672623667561766 2.0718334364429296 15.112901890584737 8.95 -3.97 0.93 9.51 -2.1 -0.63 0.16 0.35 -0.54 -0.08 0.07 -0.15
95.38483752105398 0.0 -27.115168670793672 2.0219784214435066 14.664460132188879 9.14 -3.91 0.97 9.81 -1.65 -0.64 0.06 0.33 -0.53 -0.06 0.07 -0.13
94.33763767177933 0.0 -26.475150284417662 1.996299696379893 14.235939899106057 9.28 -3.79 1.02 9.82 -1.73 -0.79 0.03 0.34 -0.53 -0.18 0.12 -0.12
93.27121691284005 0.0 -25.91266537346748 1.9877957069088126 13.902439845336659 9.21 -3.71 0.99 9.61 -1.82 -0.72 0.03 0.35 -0.52 -0.21 0.09 -0.11
92.20360629269773 0.0 -25.463255356345663 1.975845039671043 13.627494203817946 9.05 -3.84 1.09 9.59 -1.82 -0.54 0.12 0.33 -0.51 -0.2 0.08 -0.08
91.13769130480087 0.0 -24.942868138492237 1.9514348682213125 13.276202971346152 9.21 -3.32 1.13 9.69 -1.73 -0.6 0.15 0.32 -0.49 -0.15 0.06 -0.06
90.0583935759009 0.0 -24.41831914363819 1.9021839313872562 12.855837500861611 9.42 -3.21 1.16 9.81 -1.51 -0.6 -0.01 0.3 -0.48 -0.1 0.08 -0.05
88.99239286849765 0.0 -24.05316677890884 1.8469042420592956 12.515701588879779 9.24 -3.3 1.26 9.7 -1.38 -0.35 -0.06 0.27 -0.42 -0.2 0.06 -0.01
87.91453617725543 0.0 -23.584555442051578 1.7955598735321274 12.12576665974413 9.16 -3.27 1.28 9.97 -1.4 -0.45 -0.0 0.22 -0.35 -0.18 0.06 -0.02
86.81241103767132 0.0 -23.126501360396134 1.7574295457794449 11.779208619131566 9.19 -3.04 1.36 9.73 -1.44 -0.45 0.01 0.17 -0.27 -0.14 0.03 -0.04
85.69706981042565 0.0 -22.665369303333616 1.707903051141841 11.401245637779681 9.36 -2.69 1.34 9.75 -1.36 -0.45 -0.12 0.14 -0.2 -0.06 0.02 -0.03
84.5876691357078 0.0 -22.172656035155047 1.644062290338482 10.967571955189214 9.21 -3.02 1.33 10.01 -1.26 -0.49 -0.26 0.07 -0.12 -0.14 0.03 -0.05
83.37905747285922 0.0 -21.680053958512858 1.640820555669464 10.69787263679143 9.31 -3.4 1.52 9.63 -1.64 -0.55 -0.08 0.03 -0.09 -0.23 0.05 0.0
82.1826353670562 0.0 -21.217197638894774 1.64015371138683 10.452364793228782 9.28 -2.83 1.46 9.86 -1.81 -0.54 0.01 0.02 -0.06 -0.06 -0.01 0.01
81.01044755484008 0.0 -20.75684334662777 1.5834907323495315 10.060299256593794 9.39 -2.83 1.48 9.92 -1.41 -0.48 -0.08 0.0 -0.03 -0.09 0.0 0.01
79.81096996202278 0.0 -20.236218250327905 1.562038608859737 9.727154593625556 9.27 -2.72 1.51 9.73 -1.55 -0.59 -0.08 -0.02 -0.04 -0.12 -0.01 0.02
78.58467784614548 0.0 -19.784339328064114 1.534550445781278 9.419133743850665 9.4 -2.72 1.59 9.72 -1.53 -0.51 -0.08 -0.02 -0.01 -0.07 -0.02 0.01
77.34331205271947 0.0 -19.30201875665122 1.5117652531954917 9.106234152954102 9.41 -2.71 1.61 9.75 -1.56 -0.55 -0.09 -0.03 -0.01 -0.1 -0.01 0.01
76.07410032626645 0.0 -18.930986142049647 1.5014636002352262 8.891436315917076 9.43 -2.79 1.62 9.91 -1.72 -0.42 -0.01 -0.04 -0.01 -0.03 -0.05 0.01
74.83240148094313 0.0 -18.49263167443546 1.4602847793062352 8.557621072556714 9.42 -2.51 1.68 9.81 -1.46 -0.44 0.02 -0.03 -0.04 -0.04 -0.06 0.01
73.6047323776083 0.0 -18.040101279468146 1.4048566754583192 8.179844768087435 9.34 -2.34 1.65 9.88 -1.29 -0.44 -0.1 -0.03 -0.05 -0.02 -0.04 0.0
72.34372005877712 0.0 -17.690006776273798 1.3623669517902925 7.89604930675182 9.35 -2.7 1.72 9.83 -1.35 -0.31 -0.1 -0.04 -0.07 -0.11 -0.03 -0.01
71.04450449109267 0.0 -17.2455405764195 1.3324271604301146 7.590479404747754 9.5 -2.39 1.7 9.98 -1.45 -0.44 -0.04 -0.05 -0.06 -0.08 -0.06 -0.04
69.72147886140932 0.0 -16.77456166813363 1.3200589407005339 7.3151110842297555 9.5 -2.46 1.73 9.82 -1.57 -0.53 -0.02 -0.03 -0.08 -0.02 -0.05 -0.04
68.40082234529662 0.0 -16.304859710707 1.2913429257446296 6.999289543432525 9.54 -2.57 1.67 9.97 -1.5 -0.54 -0.03 -0.03 -0.09 -0.01 -0.06 -0.05
67.09242151475453 0.0 -15.811918274193015 1.236103227160939 6.603794635971866 9.6 -2.35 1.66 9.89 -1.24 -0.53 -0.02 -0.01 -0.11 -0.06 -0.06 -0.05
65.78537935815832 0.0 -15.378217284581433 1.2005845614161643 6.293582122660581 9.39 -2.29 1.54 9.8 -1.33 -0.48 -0.13 -0.02 -0.1 -0.05 -0.08 -0.07
64.44280876132838 0.0 -14.724243765562479 1.2030721698306621 5.952333036823887 9.28 -2.83 1.57 9.9 -1.58 -0.86 -0.11 -0.04 -0.08 -0.09 -0.03 -0.12
63.01421162992095 0.0 -14.188206915618748 1.2200787278615337 5.714537889252767 9.74 -2.79 1.69 9.94 -1.8 -0.83 0.05 -0.04 -0.05 0.06 -0.01 -0.13
61.63530581649675 0.0 -13.451740381720613 1.1773970028504976 5.213436081979353 9.85 -2.37 1.74 10.17 -1.34 -1.01 0.03 0.02 -0.07 0.15 -0.01 -0.11
60.314267387200275 0.0 -12.92743359571216 1.1032948972649592 4.760249604945898 9.68 -2.49 1.59 10.01 -1.02 -0.68 -0.04 0.05 -0.1 -0.0 0.02 -0.09
58.98358023891981 0.0 -12.46215324285334 1.0696097362550034 4.441189141486063 9.37 -2.52 1.67 9.67 -1.2 -0.6 -0.01 0.05 -0.1 -0.13 0.05 -0.1
57.61514040094255 0.0 -11.981778686173925 1.0540783780880645 4.158107346683181 9.38 -2.36 1.69 9.61 -1.36 -0.63 0.02 0.07 -0.09 -0.1 0.05 -0.09
56.25915640363576 0.0 -11.610507203599946 1.025722904013307 3.9070415055659 9.35 -2.36 1.59 9.71 -1.37 -0.46 -0.07 0.09 -0.1 -0.05 0.06 -0.09
54.897761432672155 0.0 -11.109438630093932 1.0053088959554088 3.6009166244113544 9.33 -2.53 1.62 9.83 -1.4 -0.62 -0.03 0.07 -0.1 -0.08 0.05 -0.09
53.48956166431159 0.0 -10.633439051012857 0.981667327244125 3.3018634127349173 9.68 -2.47 1.76 9.99 -1.41 -0.62 0.06 0.08 -0.12 -0.09 0.07 -0.09
52.11279482050899 0.0 -10.271053338835754 0.9433817081775828 3.0336536902228772 9.56 -2.18 1.73 9.88 -1.32 -0.43 -0.03 0.09 -0.13 -0.01 0.04 -0.09
50.79254758312191 0.0 -9.936126358216377 0.8837938792047026 2.7310411143143085 9.37 -2.52 1.74 9.87 -1.14 -0.29 -0.03 0.07 -0.12 -0.01 0.05 -0.12
49.42706247196835 0.0 -9.332474401593306 0.8460337875930577 2.3280632797379326 9.46 -2.43 1.85 9.9 -1.13 -0.66 0.09 0.07 -0.11 -0.01 0.05 -0.12
48.07190290208136 0.0 -8.944195320614517 0.7871735513910636 1.9988752280281687 9.53 -2.27 1.77 9.85 -1.04 -0.4 0.05 0.08 -0.11 0.02 0.05 -0.11
46.733024755681484 0.0 -8.57619766097004 0.7265620439447957 1.67783144907321 9.5 -2.38 1.73 9.99 -1.03 -0.33 0.03 0.06 -0.09 -0.01 0.03 -0.1
45.40315583551662 0.0 -8.082096540499327 0.6604955923131257 1.2739719164061114 9.43 -2.26 1.78 9.77 -0.87 -0.43 0.04 0.05 -0.08 -0.02 0.03 -0.07
44.0700995353384 0.0 -7.5716428982117385 0.6075158458400409 0.8931913719869726 9.3 -2.11 1.79 9.76 -0.92 -0.51 -0.02 0.04 -0.07 -0.07 0.04 -0.09
42.742112938812326 0.0 -7.094751955403982 0.55344938861505 0.5298539613791604 9.37 -2.3 1.7 9.77 -0.93 -0.49 -0.01 0.03 -0.05 -0.12 0.04 -0.04
41.383144355567836 0.0 -6.507175319665549 0.5126532957735179 0.13719051477386301 9.47 -2.11 1.65 9.77 -0.97 -0.67 -0.01 0.04 -0.05 -0.09 0.01 -0.02
40.04718337542056 0.0 -5.962629807022264 0.4696033821511634 -0.23559195483764483 9.43 -2.2 1.54 9.84 -0.99 -0.66 -0.1 0.04 -0.05 -0.09 0.02 -0.02
38.69058175697964 0.0 -5.848641896539531 0.46857302081960484 -0.27224572627721955 9.36 -2.36 1.52 9.72 -1.53 -0.27 -0.03 0.03 -0.05 -0.09 -0.01 -0.04
37.35831905503548 0.0 -5.673302454882894 0.4273801419151937 -0.4359211111238892 9.48 -2.27 1.39 9.89 -1.36 -0.13 0.03 -0.01 -0.08 0.03 -0.1 -0.02
36.12554845952075 0.0 -5.0574680394876435 0.2958705086942359 -1.050335919951607 9.38 -2.11 1.52 9.78 -0.39 -0.29 -0.1 -0.04 -0.09 0.0 -0.17 0.06
34.84649295052256 0.0 -4.456657364879964 0.20769890076944364 -1.55340666482536 9.54 -2.22 1.73 10.27 -0.54 -0.47 -0.28 -0.1 -0.06 -0.29 -0.12 0.11
33.45093737282108 0.0 -4.090250036595174 0.23015709081316515 -1.6733045030300104 9.91 -2.54 1.98 10.33 -1.47 -0.63 -0.27 -0.11 -0.03 -0.38 -0.08 0.08
32.09354650489155 0.0 -3.7685897708985654 0.2631548657643208 -1.746031124523256 9.66 -2.65 2.04 9.84 -1.73 -0.64 -0.18 -0.09 0.01 -0.12 -0.07 0.04
30.814055289878468 0.0 -3.2686844804521904 0.22249212150444464 -2.0838098811713337 9.5 -2.44 1.95 9.79 -1.2 -0.61 -0.09 -0.05 0.02 0.12 -0.05 0.02
29.585528210220133 0.0 -2.4518404724581213 0.12498399601292931 -2.7202759438414432 9.39 -2.11 1.97 9.9 -0.49 -0.77 -0.03 -0.02 0.04 0.06 -0.02 0.03
28.299475789527477 0.0 -1.778871647882974 0.08427086015140617 -3.1481513480879926 9.43 -1.97 1.99 9.81 -0.76 -0.84 -0.05 0.02 0.06 -0.13 0.04 0.05
26.979917774440345 0.0 -1.3925598116093447 0.06758318199479163 -3.3667951227922686 9.53 -1.77 1.92 9.74 -1.12 -0.63 -0.2 0.07 0.04 -0.18 0.06 0.06
25.734453265473974 0.0 -1.1458375466145096 0.03828054733121178 -3.5379686339879868 9.52 -2.27 1.83 10.01 -1.25 -0.4 -0.26 0.09 0.03 -0.1 0.06 0.05
24.498463621359136 0.0 -0.6680722656120515 -0.0015873552280254444 -3.856796367338262 9.58 -2.28 1.91 10.08 -1.08 -0.55 -0.11 0.1 0.02 -0.02 0.04 0.04
23.262857104245143 0.0 -0.21133554799378015 -0.04380774888049643 -4.168665351485629 9.68 -2.21 2.04 9.98 -1.02 -0.53 -0.05 0.09 0.02 -0.08 0.09 0.01
22.040212760473544 0.0 0.14789793085003355 -0.0621117710103789 -4.375267170648186 9.6 -2.36 1.9 10.06 -1.24 -0.53 -0.02 0.09 0.01 -0.08 0.09 -0.01
20.810232339925918 0.0 0.5301435459812431 -0.08499136241191252 -4.604058442352027 9.7 -2.22 1.79 9.94 -1.22 -0.53 0.04 0.09 0.01 0.01 0.1 -0.02
19.63529371730209 0.0 1.0130752424177432 -0.12557052452054052 -4.924747067121189 9.52 -2.26 1.77 9.93 -1.03 -0.57 0.03 0.09 0.01 0.03 0.11 -0.02
18.48051526539696 0.0 1.3582065239764067 -0.1603870507569951 -5.158625687013085 9.45 -2.35 1.83 9.71 -1.08 -0.44 0.09 0.1 0.01 -0.01 0.1 -0.02
