0.0 0.0 0.0 0.0 0.0 9.23 -3.31 1.26 9.95 -0.72 0.35 -0.02 -0.04 0.01 -0.06 -0.04 0.04
0.0 0.008494042937458701 0.15811644281467463 0.015173071344577238 -0.06467011627997898 9.19 -3.42 1.09 9.95 -0.84 0.32 0.02 -0.06 0.02 -0.06 -0.04 0.05
0.0 0.04274414086756906 0.46566444255792794 0.021214556191551992 -0.12369852017406657 9.37 -3.47 1.19 10.03 -0.86 0.22 0.05 -0.08 0.02 -0.01 -0.05 0.08
0.0 0.014261487601348932 0.514554757771923 0.008564533549446196 -0.09427296484353676 9.44 -3.37 1.19 10.08 -0.71 0.26 0.09 -0.09 0.03 0.03 -0.06 0.09
0.0 0.0 0.5874404722572261 -0.011598974167725373 -0.04655161809053787 9.35 -3.19 1.14 10.05 -0.63 0.23 0.05 -0.09 0.06 0.01 -0.07 0.07
0.0008867349859542628 0.04690453507052439 0.8035855378759873 -0.0027845749612254167 -0.10073111673013813 9.18 -3.34 1.36 9.89 -0.79 0.23 -0.0 -0.1 0.07 -0.0 -0.06 0.07
0.004766063675759824 0.13489620325688279 1.142564509508658 0.013208846712217337 -0.19179998221950356 9.21 -3.41 1.39 9.9 -0.9 0.19 0.06 -0.1 0.1 0.01 -0.06 0.07
0.0 0.24390439742714065 1.3852773970445424 0.027200941153864733 -0.26420318696508716 9.28 -3.28 1.42 9.96 -0.91 0.22 0.09 -0.1 0.11 0.04 -0.03 0.06
0.0 0.3285612640969795 1.7212010029152882 0.04446302072406638 -0.35829697538637717 9.4 -3.39 1.31 10.07 -0.97 0.19 0.1 -0.1 0.1 0.02 -0.01 0.05
0.0 0.4414635085255494 2.1603148571428097 0.06804763694754001 -0.48407978509560046 9.5 -3.49 1.34 10.22 -1.06 0.15 0.16 -0.09 0.07 0.0 0.0 0.05
0.0 0.5359036382733713 2.3178820729049185 0.0876371718079838 -0.5612735408631657 9.5 -3.43 1.41 10.1 -0.99 0.26 0.18 -0.08 0.04 0.03 0.01 0.06
0.0 0.5949533998566725 2.4982884339091287 0.09879088577451967 -0.6170843996088653 9.35 -3.4 1.37 10.06 -0.93 0.25 0.21 -0.07 0.03 0.01 0.02 0.06
0.0 0.6599863909260666 2.8563902468007925 0.10086546475461944 -0.6696806557804127 9.34 -3.27 1.26 9.86 -0.88 0.13 0.19 -0.06 0.02 -0.0 0.01 0.04
0.0 0.6909731367540761 3.2039970260089525 0.08008978015517698 -0.6538977131742687 9.24 -3.06 1.24 9.75 -0.71 0.04 0.06 -0.02 0.04 -0.01 0.01 0.04
0.0 0.7314803430430636 3.39633429104624 0.08918833338597665 -0.704912879470978 9.12 -3.3 1.3 9.75 -0.82 0.17 -0.03 0.0 0.04 -0.09 0.01 0.06
0.0 0.8265575787795569 3.599127396071599 0.12470189524727004 -0.8344568530292733 9.08 -3.45 1.3 9.73 -1.01 0.26 -0.02 0.02 0.04 -0.13 0.03 0.07
0.0 0.9791166820165564 3.649336782637333 0.17477348016829808 -0.9869714801698883 9.07 -3.39 1.36 9.76 -1.13 0.41 0.01 0.02 0.03 -0.12 0.04 0.06
0.0 1.1922378123188988 3.9499475603725913 0.2290337775820035 -1.184070823258983 9.05 -3.26 1.32 9.77 -1.26 0.33 0.01 0.02 0.03 -0.08 0.04 0.04
0.0 1.2462128778799766 4.090670911777023 0.24355883788608423 -1.244690548028089 9.06 -3.35 1.33 9.77 -1.01 0.3 0.0 0.02 0.01 -0.05 0.04 0.02
0.0 1.3471924468953755 4.3151074071362565 0.2644953844510525 -1.3349086835929764 9.05 -3.34 1.4 9.82 -1.02 0.26 0.02 0.03 0.0 -0.06 0.03 0.01
0.0 1.5041937361418558 4.494121771300759 0.29420796335617183 -1.4449206554626297 9.17 -3.14 1.35 9.72 -1.05 0.29 0.03 0.04 -0.01 -0.06 0.05 0.0
0.0 1.631557322837761 4.592056199957297 0.3232170062105979 -1.5424194992357307 9.06 -3.09 1.29 9.77 -1.04 0.34 -0.06 0.05 -0.02 -0.09 0.04 -0.02
0.0 1.8356344186831937 4.975625996332904 0.38377150866362797 -1.7693580180928326 9.09 -3.49 1.46 9.82 -1.32 0.27 -0.09 0.06 -0.04 -0.09 0.04 -0.01
0.0 1.9627414561131946 5.0781152452898395 0.4298891208270419 -1.9174587614963077 9.26 -3.56 1.43 9.89 -1.24 0.38 -0.04 0.07 -0.06 -0.01 0.03 -0.01
0.0 2.040601339332019 5.1124428748966935 0.46144550626925707 -2.014035870287577 9.23 -3.59 1.45 9.99 -1.13 0.41 -0.02 0.07 -0.05 -0.01 0.04 -0.03
0.0 2.12595923153018 5.261208538339064 0.48677073125310244 -2.1076175851193906 9.26 -3.48 1.36 10.08 -1.09 0.34 -0.01 0.07 -0.05 -0.03 0.03 -0.04
0.0 2.181296495097625 5.491836019644255 0.50045160294043 -2.1781468988230284 9.42 -3.66 1.49 10.32 -1.03 0.25 -0.11 0.08 -0.04 -0.03 0.06 -0.01
0.0 2.1789844787526835 5.417137322312257 0.5139832784468723 -2.2077760382845657 9.39 -3.99 1.77 10.15 -0.92 0.4 -0.09 0.1 -0.03 -0.08 0.09 0.05
0.0 2.2831594796576073 5.133362562792311 0.5498916006820593 -2.274201461851897 9.42 -3.93 2.04 10.45 -1.02 0.63 0.01 0.1 0.02 -0.15 0.17 0.09
0.0 2.333403031493253 4.291906889086888 0.5623619288887056 -2.194635550876397 9.85 -4.27 2.88 10.75 -0.76 0.99 0.08 0.07 0.07 -0.15 0.34 0.13
0.07244462043622946 2.287858842126818 3.2317330959670825 0.5474784025083608 -2.001936356180595 10.12 -4.46 3.29 10.92 -0.45 1.16 0.23 0.15 0.21 -0.07 0.36 0.04
0.1457227444684719 2.383229920396518 2.3640906380906483 0.5592428527468911 -1.9092509827445472 10.44 -4.22 3.28 11.17 -0.59 1.19 0.23 0.26 0.32 -0.46 0.48 0.12
0.19334684447906625 2.7000490966866213 1.3482821269341805 0.6490281518584453 -2.008030580319174 10.11 -4.26 3.69 10.86 -1.05 1.53 0.29 0.36 0.36 -0.64 0.68 0.24
0.2338721176960945 3.1719951953563434 0.1542866850951363 0.7746366242035947 -2.1651422581832716 9.68 -4.12 4.27 10.06 -1.28 1.84 0.39 0.5 0.43 -0.7 0.86 0.29
0.2657186879547737 3.692002668876695 -0.7527914084588574 0.8940117624655244 -2.3381940671799253 9.25 -3.81 4.41 9.5 -1.36 1.75 0.18 0.66 0.53 -0.79 0.99 0.3
0.26273053724682427 4.241336648453226 -1.4455874632129315 1.0504900639482173 -2.6364807325649036 8.78 -3.75 4.11 9.42 -1.71 1.76 -0.12 0.88 0.63 -0.84 1.12 0.41
0.3030545098210524 4.646962324921057 -2.2642957908817944 1.2208404207050165 -2.9354180995056627 9.08 -4.44 4.0 9.93 -1.89 1.94 -0.24 0.98 0.66 -0.93 1.31 0.52
0.3568286486450063 4.976358344231693 -3.4415243060988927 1.4173765692073488 -3.2139832913563655 9.18 -4.95 4.03 9.94 -1.96 2.35 -0.14 1.08 0.65 -1.07 1.43 0.55
0.3614247600775684 5.42663237294329 -4.491640057438917 1.659993145257289 -3.608539487915076 9.1 -5.05 4.0 9.85 -2.29 2.59 0.01 1.15 0.63 -1.18 1.45 0.61
0.3059692994908687 6.089328236221926 -5.26208246988638 1.98246958036394 -4.23146749710231 8.92 -5.19 4.03 9.73 -2.97 2.83 0.06 1.16 0.61 -1.19 1.52 0.71
0.25895852082042836 6.721598538377327 -6.276271932523315 2.3664323790205657 -4.906163344775711 8.9 -5.8 4.21 9.54 -3.39 3.39 0.33 1.15 0.58 -1.0 1.64 0.78
0.1565442608326606 7.423871839221272 -7.319114686306575 2.782525613955258 -5.5966497963866235 8.62 -5.64 4.23 9.04 -3.62 3.76 0.63 1.14 0.57 -0.77 1.64 0.78
0.03407131584670253 8.155960243906792 -8.222593924355301 3.1915676009021325 -6.257002727642737 8.42 -5.32 4.24 8.52 -3.63 3.8 0.72 1.18 0.58 -0.53 1.5 0.82
0.0 9.042778615310281 -8.729811576942115 3.640358090080923 -7.074598290756219 8.46 -5.16 4.13 8.78 -4.13 3.76 0.66 1.21 0.56 -0.23 1.38 0.84
0.0 9.731449505304722 -9.529489459842056 4.05605740945812 -7.688523205002758 8.25 -5.09 4.17 8.8 -3.82 3.93 0.64 1.24 0.51 0.02 1.34 0.78
0.0 10.275781692022479 -10.53886315040076 4.461339107980351 -8.163069982680009 7.69 -5.16 4.37 8.11 -3.4 4.13 0.59 1.28 0.46 -0.0 1.21 0.77
0.0 10.908545628515443 -11.362323469884894 4.896262031577976 -8.711274685384057 7.42 -5.1 4.45 7.9 -3.51 4.21 0.55 1.3 0.43 -0.13 1.14 0.85
0.0 11.642772203551656 -12.199958559110254 5.3618646925771145 -9.261249867181723 7.29 -4.58 4.47 7.82 -3.61 4.47 0.38 1.26 0.43 -0.28 1.15 0.86
0.0 12.36074652399929 -12.9004449110972 5.856915810764747 -9.867247131909133 7.13 -4.98 4.72 7.62 -3.83 4.59 0.28 1.21 0.43 -0.37 1.12 0.81
0.0 13.1017701774983 -13.564231849265651 6.380619974656753 -10.486728073794316 6.95 -4.94 4.75 7.31 -3.99 4.77 0.27 1.19 0.47 -0.36 1.01 0.72
0.0 13.98394900983961 -14.043116403662928 6.948702714508173 -11.211885475856567 6.36 -4.84 4.96 7.13 -4.41 4.88 0.21 1.14 0.49 -0.35 0.97 0.67
0.0 14.912990783275289 -14.473604715572417 7.5642876457775685 -11.984561469926318 6.04 -5.02 5.28 6.69 -4.75 5.1 0.17 1.07 0.47 -0.33 0.93 0.65
0.0 15.880473006010954 -14.896011429257994 8.190239318225267 -12.72418752669939 5.72 -4.88 5.61 6.33 -4.84 5.22 0.17 1.01 0.48 -0.29 0.85 0.62
0.0 16.888721663708615 -15.149023457936295 8.805507426801299 -13.491101281071087 5.44 -4.75 5.73 6.14 -4.96 5.01 0.09 1.0 0.46 -0.24 0.7 0.58
0.0 17.8664433618773 -15.415012031928264 9.438936575806352 -14.23325659918637 5.09 -4.78 5.9 5.93 -5.03 5.08 -0.02 1.01 0.42 -0.28 0.59 0.57
0.0 18.758234837077076 -15.741389140887275 10.099817096734043 -14.930506279120236 4.86 -4.98 6.0 5.99 -5.12 5.37 -0.11 0.98 0.39 -0.41 0.6 0.58
0.0 19.68860034956073 -16.08673957700851 10.80333748135807 -15.620093856881427 4.68 -5.05 6.34 5.93 -5.31 5.73 -0.14 0.9 0.38 -0.55 0.62 0.56
0.0 20.712164266448404 -16.251181448299462 11.532239507370036 -16.41113344769775 4.37 -5.29 6.69 5.42 -5.63 5.63 -0.2 0.88 0.39 -0.58 0.57 0.53
0.0 21.820382150609376 -16.24248071461028 12.300673201302516 -17.32694310035418 4.02 -5.53 6.84 5.14 -6.17 5.53 -0.18 0.85 0.37 -0.48 0.5 0.52
0.0 22.866329523470647 -16.31697790102782 13.060150890141301 -18.132297167165433 3.73 -5.31 6.88 5.03 -6.13 5.59 -0.12 0.86 0.38 -0.35 0.45 0.52
0.0 23.838032450780297 -16.440188471485193 13.848477336389465 -18.888647843024287 3.31 -5.27 6.84 4.93 -6.21 5.84 -0.14 0.8 0.34 -0.37 0.43 0.53
0.0 24.769938774674706 -16.56406094096762 14.646565208109351 -19.61045952788679 3.53 -5.53 7.08 4.88 -6.26 5.97 -0.21 0.72 0.31 -0.36 0.38 0.55
0.0 25.602958366054537 -16.671148630377058 15.43056634626332 -20.291404052969384 3.4 -5.91 7.22 4.95 -6.22 5.94 -0.22 0.7 0.33 -0.33 0.35 0.54
0.0 26.522421471478403 -16.685768192844105 16.2680335219155 -21.065096284490657 3.07 -5.89 7.14 4.79 -6.65 6.01 -0.07 0.65 0.34 -0.31 0.36 0.51
0.0 27.543537098509674 -16.669070428257392 17.12445658133589 -21.847924164476026 3.06 -5.6 7.29 4.53 -6.87 6.0 0.04 0.6 0.34 -0.13 0.36 0.46
0.0 28.45453961274398 -16.746154372727485 17.95453376743508 -22.48132646377264 2.81 -5.43 7.49 4.38 -6.56 6.04 0.02 0.57 0.32 0.01 0.31 0.42
0.0 29.27634280156662 -16.817619522819413 18.787645577128544 -23.08672433523283 2.6 -5.63 7.55 4.43 -6.54 6.09 0.06 0.52 0.3 -0.01 0.32 0.42
0.0 30.11416448267488 -16.86277952238241 19.628944567566165 -23.692151394853077 2.62 -5.62 7.62 4.29 -6.57 6.05 0.15 0.49 0.29 -0.02 0.34 0.4
0.0 30.986585476266427 -16.909470824528807 20.50226320952261 -24.285551400844398 2.56 -5.41 7.69 4.18 -6.73 6.21 0.18 0.46 0.26 -0.04 0.36 0.37
0.0 31.798450601581266 -16.97217640420211 21.38229859612622 -24.831642700107984 2.23 -5.43 7.79 3.94 -6.69 6.27 0.21 0.4 0.22 -0.03 0.37 0.35
0.0 32.57564013475407 -17.025280107729657 22.250406769393827 -25.349656777890075 2.32 -5.47 7.84 3.86 -6.62 6.2 0.26 0.39 0.23 0.03 0.33 0.34
0.0 33.377384443771135 -17.07389184035816 23.11327896350189 -25.840624580730967 2.11 -5.1 7.77 3.83 -6.57 6.15 0.21 0.41 0.22 0.04 0.32 0.3
0.0 34.13971525362297 -17.126110314961483 24.01010517336394 -26.317576905237054 1.83 -5.24 7.94 3.59 -6.66 6.27 0.14 0.39 0.2 0.04 0.34 0.27
0.0 34.81349569963897 -17.215870149216794 24.907235422012086 -26.7147705488241 1.81 -5.4 8.12 3.46 -6.53 6.4 0.22 0.4 0.21 0.05 0.34 0.27
0.0 35.525059507808216 -17.28920293354582 25.7885449024876 -27.09788922534694 1.66 -4.9 7.88 3.27 -6.37 6.25 0.16 0.42 0.23 -0.02 0.33 0.24
0.0 36.223247108839495 -17.315372077081697 26.678956215692082 -27.52758426347144 1.58 -4.66 7.36 3.22 -6.52 6.13 -0.02 0.4 0.24 -0.08 0.33 0.21
0.0 36.84993729294829 -17.31302430176454 27.543735591728144 -27.96605955139215 1.72 -4.93 7.16 3.3 -6.52 5.88 -0.1 0.36 0.2 -0.16 0.24 0.17
0.0 37.52427736015501 -17.31711126921539 28.388493266802584 -28.36727586889009 1.47 -4.75 7.36 3.06 -6.26 5.59 -0.22 0.41 0.16 -0.22 0.11 0.14
0.0 38.14824315645228 -17.31175365471045 29.317331100850353 -28.79940494605168 0.92 -5.13 7.46 3.17 -6.87 6.06 -0.47 0.39 0.14 -0.43 0.16 0.14
0.0 38.666829282176224 -17.30482099339451 30.30251887709069 -29.23579495587864 0.75 -6.01 7.77 3.12 -7.38 6.48 -0.33 0.3 0.1 -0.48 0.24 0.16
0.0 39.28992162660101 -17.268613813916584 31.301925952301062 -29.706098071382392 0.86 -6.05 8.02 2.6 -7.51 6.34 -0.13 0.24 0.1 -0.34 0.16 0.14
0.0 39.91871950567366 -17.209941903102305 32.2636076769744 -30.184877379508976 0.73 -6.16 8.15 2.87 -7.65 6.19 -0.12 0.25 0.08 -0.19 0.09 0.15
0.0 40.51621233786725 -17.191254320711653 33.26083643918682 -30.588799302205203 0.56 -6.06 8.32 2.74 -7.73 6.45 -0.05 0.21 0.09 -0.03 0.19 0.15
0.0 41.00565131167408 -17.195046726217555 34.24030075138376 -30.9289422300931 0.67 -6.37 8.48 2.84 -7.64 6.56 0.12 0.17 0.09 0.07 0.21 0.16
0.0 41.506186192550366 -17.211259477304502 35.19838122751795 -31.2226318972168 0.75 -6.08 8.46 2.88 -7.45 6.54 0.39 0.14 0.09 0.07 0.2 0.18
0.0 42.10053952584909 -17.204254012957247 36.15860087429088 -31.545325312474574 0.51 -5.51 8.3 2.63 -7.37 6.31 0.36 0.12 0.1 0.09 0.22 0.2
0.0 42.66751767293787 -17.199852051217526 37.105854838903376 -31.84555010298817 0.78 -5.37 8.26 2.5 -7.21 6.14 0.22 0.13 0.12 0.12 0.18 0.19
0.0 43.11429301326682 -17.221511029235277 38.01959406913139 -32.07229988008947 0.75 -5.51 8.21 2.66 -6.95 6.12 0.16 0.17 0.12 0.12 0.17 0.16
0.0 43.516387976540045 -17.265822591316038 38.97799594360448 -32.24853558538176 0.41 -5.53 8.26 2.52 -7.0 6.44 0.24 0.16 0.14 0.06 0.24 0.15
0.0 44.002806074597 -17.279882407015805 39.95628329463429 -32.47702312293309 0.4 -5.48 8.43 2.3 -7.18 6.4 0.33 0.15 0.15 0.05 0.27 0.16
0.0 44.503179987694324 -17.296898296571037 40.93349286987614 -32.68568463785639 0.42 -5.09 8.26 2.33 -7.3 6.5 0.23 0.15 0.16 0.09 0.23 0.15
0.0 44.96564665009304 -17.327939575432385 41.92868756772916 -32.85378283922619 0.24 -5.2 8.55 2.19 -7.34 6.67 0.17 0.13 0.15 0.19 0.24 0.12
0.0 45.33152007057483 -17.383406552812215 42.90860767276601 -32.95085835827649 0.39 -5.34 8.62 2.1 -7.09 6.75 0.29 0.12 0.16 0.25 0.24 0.1
0.0 45.75436937304096 -17.432497891789566 43.85259096211951 -33.04238733343354 0.48 -4.88 8.51 2.2 -6.9 6.62 0.37 0.14 0.19 0.21 0.23 0.09
0.0 46.18959126513444 -17.47326626563858 44.80660398883147 -33.14177930619021 0.2 -4.65 8.41 2.18 -6.96 6.63 0.21 0.14 0.19 0.12 0.24 0.06
0.0 46.57204951449661 -17.510324111868336 45.7956439137391 -33.24245620749239 0.0 -4.82 8.32 1.95 -7.11 6.73 0.14 0.13 0.15 0.07 0.27 0.06
0.0 46.953889989218816 -17.52749688664449 46.7774770613873 -33.37814595103282 -0.08 -5.08 8.33 1.89 -7.25 6.61 0.25 0.07 0.09 0.09 0.25 0.07
0.0 47.331272746278714 -17.57657321054767 47.74276447384557 -33.423584119228515 -0.04 -4.55 8.24 1.57 -6.72 6.46 0.3 0.11 0.05 0.14 0.12 0.08
0.0 47.74743088279861 -17.603086081709456 48.67965877031395 -33.51045250928069 -0.14 -4.29 8.04 1.69 -6.72 6.26 0.07 0.13 0.02 0.01 0.1 0.11
0.0 48.05178065936321 -17.650109736223772 49.62535386305718 -33.536865510258025 -0.03 -4.82 8.42 1.89 -6.86 6.64 0.02 0.11 0.01 -0.02 0.15 0.08
0.0 48.30105315334336 -17.708732164375313 50.59434445242837 -33.52430749324372 -0.08 -5.14 8.66 1.68 -6.79 6.82 0.15 0.12 0.03 -0.03 0.16 0.08
0.0 48.697390246370425 -17.744539458484216 51.586032462612565 -33.56119839384614 -0.24 -4.6 8.73 1.63 -7.19 6.97 0.18 0.12 0.05 -0.04 0.16 0.09
0.0 49.05305298274447 -17.782310204585645 52.57891243136179 -33.58261435320291 -0.29 -4.6 8.74 1.51 -7.24 7.02 0.07 0.1 0.06 0.04 0.16 0.07
0.0 49.31334790641357 -17.821397780056724 53.5423595220669 -33.58825874866634 -0.39 -5.05 8.71 1.58 -7.16 6.98 0.13 0.06 0.04 0.04 0.12 0.09
0.0 49.68765877924423 -17.83410854437406 54.49456829848478 -33.656750156112814 -0.3 -4.63 8.46 1.57 -7.29 6.7 0.25 0.07 0.01 0.07 0.04 0.1
0.0 49.95471735865779 -17.888565000977767 55.38215835515299 -33.59735424180233 0.04 -4.47 8.53 1.81 -6.68 6.73 0.12 0.02 0.0 0.1 0.05 0.06
0.0 50.19739666088184 -17.942376046577436 56.324634563000615 -33.531871763074925 -0.11 -4.56 8.59 1.45 -6.62 6.83 0.12 0.01 0.04 0.04 0.12 0.04
0.0 50.50784409169142 -17.972989163032477 57.27530529754847 -33.52371124959752 -0.29 -4.27 8.3 1.21 -6.71 6.61 0.11 0.02 0.06 0.02 0.07 0.03
0.0 50.909701434275284 -17.977408508660954 58.18887064100724 -33.58463257081323 -0.03 -3.94 8.14 1.5 -7.15 6.49 -0.0 0.06 0.02 -0.0 -0.03 0.02
0.0 51.15098555345077 -18.028942569883924 59.04948548531597 -33.49635014968772 -0.42 -4.15 8.42 1.64 -6.43 6.56 -0.18 0.06 0.0 0.05 -0.09 -0.02
0.0 51.380946445343 -18.062022261164024 59.95636711864947 -33.45651660874409 -0.36 -4.85 8.88 1.48 -6.75 6.69 -0.11 0.05 -0.04 -0.11 -0.01 0.02
0.0 51.61581314508837 -18.10572546133809 60.852038414740754 -33.374992866413706 -0.21 -4.7 9.05 1.62 -6.91 7.08 0.04 0.04 -0.04 -0.12 0.05 0.05
0.0 51.884437064069644 -18.134068148215857 61.766235351453446 -33.334050622392944 -0.42 -4.39 8.59 1.38 -7.02 6.95 -0.01 0.04 -0.04 -0.16 0.02 0.06
0.0 52.1900937728488 -18.149745093500172 62.63757054089759 -33.32769353677177 0.05 -4.33 8.64 1.63 -7.29 6.9 -0.1 0.02 -0.05 -0.05 -0.01 0.02
0.0 52.37441312550852 -18.18541137231184 63.49265964196513 -33.24893918748234 -0.28 -4.8 8.82 1.55 -6.82 6.83 -0.1 0.02 -0.04 0.04 -0.03 -0.03
0.0 52.555144389514716 -18.21649817529809 64.35562168866758 -33.178089910746785 -0.41 -5.03 8.92 1.54 -6.99 6.99 0.07 -0.01 -0.04 -0.09 0.01 0.02
0.0 52.83628613456063 -18.239573465208682 65.21579764539325 -33.12846586871571 -0.19 -4.33 8.74 1.45 -7.04 6.88 0.05 -0.02 -0.01 -0.01 0.01 0.02
0.0 53.053193929760255 -18.264893225507407 66.05065335226473 -33.06507134249637 -0.47 -4.42 8.48 1.47 -6.89 6.78 -0.13 -0.01 0.0 -0.06 -0.05 0.01
0.0 53.28261449021025 -18.275633697751942 66.88273792791304 -33.0505750716155 -0.17 -4.98 8.95 1.51 -7.25 6.74 -0.06 0.0 -0.02 -0.03 -0.03 0.02
0.0 53.47502105547868 -18.313397457730748 67.70649682003257 -32.92884040383038 -0.38 -4.51 8.94 1.44 -6.81 6.99 -0.0 0.02 0.0 -0.01 -0.05 0.02
0.0 53.68486814961033 -18.337384493481796 68.52346205995273 -32.8526807276231 -0.46 -4.54 8.83 1.42 -6.95 6.92 -0.09 0.01 0.01 -0.1 -0.03 0.02
0.0 53.89734937280855 -18.35269292751848 69.33089152229087 -32.80660788901343 -0.22 -4.59 8.64 1.44 -7.19 6.88 -0.05 -0.01 0.02 -0.08 -0.03 0.02
0.0 54.07398142882727 -18.378157050539087 70.09285266488195 -32.71472006595028 -0.29 -4.47 8.51 1.64 -6.98 6.96 -0.06 -0.03 0.02 -0.01 -0.06 -0.02
0.0 54.23073245418767 -18.401723482688674 70.88974366487203 -32.623792863137645 -0.42 -4.69 8.6 1.36 -6.92 6.91 -0.02 -0.08 0.01 -0.01 -0.05 -0.01
0.0 54.43338848199481 -18.41931516112063 71.65681112547487 -32.5546680694426 0.08 -4.55 8.78 1.46 -7.09 6.91 0.02 -0.08 0.05 0.06 -0.05 -0.01
0.0 54.64208914851035 -18.441191925348775 72.40420952714511 -32.46135749926443 -0.31 -4.19 8.61 1.52 -7.02 6.99 -0.09 -0.08 0.07 0.12 -0.08 -0.09
0.0 54.76421524040885 -18.464289003699573 73.13030363024342 -32.35623745199971 -0.36 -4.78 8.74 1.51 -6.66 6.77 -0.04 -0.09 0.03 0.05 -0.11 -0.06
0.0 54.961161127596874 -18.48419884278886 73.85251875902868 -32.260691425740056 -0.29 -4.4 8.89 1.52 -6.81 6.86 -0.01 -0.09 0.0 -0.08 -0.08 -0.01
0.0 55.14888519943793 -18.500002358427672 74.53816827717222 -32.1827854807475 -0.05 -4.53 9.0 1.72 -7.02 6.92 -0.11 -0.06 -0.01 -0.09 -0.03 -0.02
0.0 55.309835357787634 -18.516238309363487 75.26620291426275 -32.09767752140962 -0.41 -4.75 9.03 1.43 -7.14 7.0 -0.07 -0.07 -0.01 -0.07 0.0 -0.04
0.0 55.46730275359735 -18.5309044281187 75.97138182049403 -32.0183787938954 -0.29 -4.77 8.93 1.42 -7.15 6.94 0.12 -0.05 -0.04 0.02 -0.05 -0.01
0.0 55.652518900329596 -18.548655288924834 76.59770157200559 -31.917100869554858 -0.07 -4.27 8.85 1.8 -6.87 6.9 0.02 -0.04 -0.06 0.05 -0.08 -0.01
0.0 55.75897850545927 -18.56870760176906 77.25673125930952 -31.79252885734857 -0.19 -4.72 9.0 1.62 -6.78 7.03 -0.12 -0.04 -0.06 -0.03 -0.02 -0.0
0.0 55.873870869220056 -18.58285103323028 77.91796213206415 -31.701704342978395 -0.12 -4.98 9.02 1.53 -7.05 7.04 0.01 -0.03 -0.03 -0.06 0.01 0.02
0.0 56.04896488703815 -18.596587568130676 78.54912618718214 -31.609710915945044 -0.08 -4.39 8.82 1.59 -6.96 6.93 0.06 -0.01 -0.01 0.0 -0.05 -0.01
0.0 56.201052973713274 -18.60924653577705 79.16252424903048 -31.522013944392818 -0.21 -4.55 8.88 1.62 -6.87 6.79 -0.06 0.01 -0.03 0.01 -0.05 -0.0
0.0 56.33163912663864 -18.621427938704848 79.76614352726665 -31.434543618099653 -0.15 -4.73 8.93 1.64 -7.02 6.91 -0.09 0.02 -0.01 -0.04 -0.01 0.02
0.0 56.44292460885028 -18.634829873062767 80.3565821218153 -31.329743705184725 -0.19 -4.71 8.81 1.64 -6.86 6.91 -0.02 0.03 -0.02 -0.06 -0.02 0.01
0.0 56.58953159624667 -18.646821551222402 80.94975873939613 -31.232763277231115 -0.18 -4.39 8.68 1.54 -6.79 6.79 -0.07 0.04 -0.02 -0.11 -0.04 0.02
0.0 56.72370046455079 -18.657376694682423 81.51960184276895 -31.146801644559154 0.02 -4.34 8.43 1.6 -6.96 6.86 -0.24 0.07 -0.0 -0.11 -0.05 -0.0
0.0 56.78747017894459 -18.66809683201736 82.04103693967221 -31.050264481205005 -0.16 -5.07 8.78 1.84 -6.96 6.99 -0.23 0.02 -0.01 -0.13 -0.04 -0.04
0.0 56.869852256897516 -18.678797775891503 82.59857971946363 -30.948552196237436 -0.34 -5.01 8.78 1.6 -6.9 6.95 -0.0 0.02 0.0 -0.1 -0.02 -0.01
0.0 57.024004318195885 -18.687295685976924 83.13419814182166 -30.880281564714657 -0.33 -4.62 8.73 1.62 -7.17 6.91 -0.07 0.0 0.0 -0.08 -0.04 0.0
0.0 57.12478931309418 -18.69606967406443 83.66599075601971 -30.808370977216995 -0.46 -4.94 8.67 1.56 -7.17 6.86 -0.11 -0.02 -0.03 -0.07 -0.04 0.02
0.0 57.22757337494939 -18.704198499647312 84.13438287480952 -30.73873320475905 0.02 -4.89 8.71 1.86 -7.13 6.85 0.0 -0.01 -0.03 -0.03 -0.05 0.04
0.0 57.34028889516692 -18.713089360877827 84.63199528636945 -30.64373334752213 -0.23 -4.6 8.66 1.68 -6.87 6.8 -0.06 -0.01 -0.02 -0.01 -0.08 -0.02
0.0 57.42812991241297 -18.721507999225445 85.12946238814057 -30.56629198465481 -0.34 -4.91 8.69 1.58 -6.96 6.75 -0.08 -0.03 -0.02 -0.05 -0.05 0.02
0.0 57.54458054295834 -18.728981539650857 85.56235086813828 -30.49500783507954 0.07 -4.72 8.87 1.87 -7.16 6.95 -0.01 -0.03 -0.01 0.01 -0.02 0.01
0.0 57.62654848945222 -18.736668494987697 86.0545573202273 -30.372178805376997 -0.32 -4.55 8.78 1.51 -6.66 6.89 -0.01 -0.02 0.02 0.0 -0.07 -0.03
0.0 57.741849807436736 -18.744241746183512 86.47690785529328 -30.33092822485949 -0.07 -4.85 8.83 1.78 -7.21 6.79 -0.04 -0.02 0.0 -0.08 -0.03 0.01
0.0 57.850346906336235 -18.751234953610442 86.90966761430465 -30.24820868510637 -0.06 -4.64 8.97 1.7 -7.1 6.95 -0.05 -0.0 -0.01 0.02 -0.05 -0.02
0.0 57.89649257039697 -18.756877260415685 87.33976986881405 -30.140606599804897 -0.35 -4.99 9.04 1.65 -6.73 6.89 -0.09 0.01 -0.01 -0.07 -0.03 0.01
0.0 58.021483215363986 -18.76436677744544 87.71322010394306 -30.103676444616568 0.0 -4.81 8.94 1.89 -7.33 6.9 -0.04 0.01 -0.01 -0.1 0.02 0.04
0.0 58.11400934533931 -18.77051749300886 88.10889592628544 -30.026028379715953 -0.09 -4.63 8.72 1.75 -7.22 7.05 -0.05 0.02 -0.02 0.03 -0.01 -0.03
0.0 58.161518933351445 -18.775583047123963 88.49451455956991 -29.93837300567585 -0.17 -4.95 8.83 1.75 -6.79 6.79 -0.02 0.01 -0.01 0.03 -0.02 -0.03
0.0 58.24356452168648 -18.782005859889686 88.8754110805637 -29.87240492190262 -0.27 -4.88 8.81 1.69 -7.01 6.82 0.06 0.01 -0.01 -0.01 0.05 0.03
0.0 58.350467424523046 -18.788256607228263 89.24248715083469 -29.807466881265135 -0.17 -4.46 8.47 1.69 -7.05 6.83 -0.0 0.01 -0.01 -0.03 0.02 0.01
0.0 58.39045001251168 -18.792335660588787 89.58174525834332 -29.7286287782429 -0.27 -4.97 8.74 1.8 -6.87 6.84 -0.06 -0.01 -0.03 -0.04 -0.02 -0.01
0.0 58.453473568200394 -18.79901668653483 89.91131988758812 -29.67876052513349 -0.21 -5.12 8.89 1.8 -7.19 6.89 0.06 0.01 -0.03 -0.06 0.05 0.04
0.0 58.56458845157232 -18.805126230192254 90.26005297163515 -29.6150093306508 -0.01 -4.43 8.64 1.63 -7.19 6.94 0.03 0.01 0.0 0.05 0.01 -0.01
0.0 58.60883593701009 -18.807031426060494 90.58707302251933 -29.523393482495912 -0.2 -4.64 8.58 1.73 -6.46 6.58 -0.09 0.02 0.0 0.01 -0.06 -0.02
0.0 58.68058652751129 -18.814294620546725 90.90740913037483 -29.47717340716151 -0.3 -4.8 8.55 1.67 -6.94 6.64 -0.07 0.05 -0.01 -0.14 0.02 0.03
0.0 58.74493959267005 -18.82042678420319 91.21526049347376 -29.423631962361583 -0.18 -4.82 8.65 1.64 -7.19 6.9 -0.07 0.03 -0.01 -0.1 0.05 0.01
0.0 58.78515688139349 -18.82439216434183 91.56154853581246 -29.343136393978604 -0.35 -4.69 8.31 1.38 -6.89 6.81 -0.02 0.0 -0.01 -0.03 -0.04 -0.02
0.0 58.840414914542016 -18.82965266517158 91.86594416295236 -29.283757176807597 -0.31 -4.53 7.88 1.53 -6.73 6.55 -0.04 -0.03 -0.03 -0.05 -0.09 0.02
0.0 58.92872224670946 -18.83899341228335 92.17657762310444 -29.246351990580266 -0.25 -4.21 7.41 1.5 -6.57 6.11 -0.13 -0.07 -0.02 -0.02 -0.13 -0.02
0.0 58.96770760009918 -18.844105982913725 92.4088294086301 -29.203570421941464 -0.01 -4.21 6.71 1.88 -6.58 6.27 -0.22 -0.16 -0.03 -0.02 -0.17 -0.11
0.0 59.017998921461285 -18.85327122962304 92.72813864460178 -29.15807419319097 -0.28 -4.19 6.66 1.45 -6.4 5.95 -0.06 -0.29 -0.1 -0.01 -0.29 -0.2
0.0 59.05953581306737 -18.857565039597734 93.06791204231928 -29.07962145331649 -0.1 -3.53 5.66 1.25 -5.83 5.69 -0.21 -0.38 -0.14 -0.05 -0.5 -0.2
0.0 59.215418407994676 -18.87201004643936 93.19754328116441 -29.110499028348322 0.7 -3.04 5.28 2.32 -6.38 5.51 -0.58 -0.49 -0.18 -0.17 -0.63 -0.38
0.0 59.19515495473823 -18.876014539805542 93.35193517828301 -29.078937070851083 0.7 -4.21 5.97 2.46 -5.79 5.43 -0.68 -0.64 -0.3 -0.13 -0.69 -0.54
0.0 59.14482350667966 -18.874017078349304 93.56867315446405 -29.001584637242196 0.66 -4.33 6.1 2.1 -5.63 5.75 -0.53 -0.77 -0.35 -0.28 -0.73 -0.6
0.0 59.173617256982794 -18.888916473709408 93.60286541846838 -29.055633386877787 1.37 -4.76 6.45 2.97 -6.58 5.72 -0.43 -0.91 -0.41 -0.44 -0.73 -0.65
0.0 59.28096219881844 -18.904851658830495 93.65941347508735 -29.105063866470374 1.46 -3.98 6.05 3.0 -6.81 5.73 -0.52 -0.99 -0.45 -0.32 -0.88 -0.79
0.0 59.2330641501279 -18.916512789820366 93.62168944410287 -29.15716971000002 1.97 -5.36 6.87 3.61 -6.65 5.66 -0.69 -1.11 -0.6 -0.23 -1.0 -0.83
0.0 59.18532902691954 -18.92667358395368 93.6364371252111 -29.186220632882566 2.2 -5.43 7.07 3.44 -6.48 5.64 -0.53 -1.07 -0.65 -0.08 -1.07 -0.85
0.0 59.155097397989465 -18.929903461957277 93.41839872940714 -29.24509572965807 2.83 -5.52 7.35 4.71 -6.65 6.04 -0.73 -1.15 -0.7 -0.26 -1.04 -0.87
0.0 59.061394850205104 -18.93730278690903 93.22704077390172 -29.316102735664515 2.9 -6.51 8.19 4.78 -7.09 6.33 -0.54 -1.2 -0.76 -0.14 -0.93 -0.88
0.0 58.97956985818414 -18.945053624694115 93.11360888999486 -29.366058459097815 3.14 -6.17 7.75 4.42 -6.94 6.23 -0.28 -1.18 -0.69 0.03 -0.89 -0.92
0.0 58.960198842385225 -18.953088549085003 92.82622658986911 -29.464616743833325 3.86 -5.6 7.11 5.39 -6.76 5.9 -0.42 -1.26 -0.69 0.06 -1.01 -0.95
0.0 58.80825569350137 -18.961351860545474 92.46883778090128 -29.582715367911803 4.59 -7.16 8.35 5.97 -6.93 5.95 -0.33 -1.27 -0.76 0.33 -0.92 -0.93
0.0 58.66838413958871 -18.960289762956148 92.31557351912026 -29.591303227548757 4.0 -6.21 7.4 5.07 -5.79 5.62 -0.1 -1.15 -0.63 0.37 -0.96 -0.94
0.0 58.640056643103264 -18.960644609271597 91.91206788938636 -29.679343593526433 4.39 -5.49 6.94 6.3 -5.8 5.46 -0.35 -1.17 -0.64 0.03 -1.01 -0.83
0.0 58.49326228303927 -18.96349147686534 91.39683378160758 -29.813444538993558 5.78 -6.86 8.09 7.09 -6.55 5.88 -0.28 -1.2 -0.7 0.26 -0.83 -0.83
0.0 58.307900481533565 -18.954828289888916 91.14055622787001 -29.795793303945167 4.77 -6.11 7.25 5.97 -5.06 5.55 -0.18 -1.08 -0.56 0.3 -0.86 -0.9
0.0 58.22139774961983 -18.952374685177197 90.61092932104599 -29.901950866706365 5.58 -5.83 6.9 7.31 -5.14 5.05 -0.37 -1.08 -0.53 -0.13 -0.88 -0.77
0.0 58.15783004834016 -18.957421555321197 90.00133950297163 -30.08766711461778 6.54 -6.41 7.76 7.91 -6.42 5.42 -0.35 -1.03 -0.54 0.22 -0.68 -0.8
0.0 57.96275675569227 -18.9527753425692 89.64410687889719 -30.109632000929004 5.85 -5.92 6.49 6.74 -5.12 5.27 -0.44 -0.94 -0.4 0.37 -0.69 -0.92
0.0 57.746325864179234 -18.94749791643851 89.06216730431598 -30.19849871455868 6.18 -6.74 6.79 7.77 -4.98 5.05 -0.42 -0.94 -0.46 0.06 -0.71 -0.79
0.0 57.629451431846306 -18.950935777004688 88.57132405926635 -30.34435349138517 6.29 -6.45 6.64 7.38 -5.62 4.83 -0.16 -0.85 -0.46 0.28 -0.7 -0.68
0.0 57.564503424914676 -18.95162708141631 88.06313200528213 -30.46551189203577 6.32 -4.87 4.72 7.46 -4.85 4.19 -0.34 -0.7 -0.42 0.25 -0.85 -0.69
0.0 57.38671564006185 -18.94619996557022 87.33246430299569 -30.59352036431678 6.99 -6.09 5.85 8.72 -4.66 4.33 -0.73 -0.77 -0.65 0.16 -0.86 -0.63
0.0 57.113225064699435 -18.943574921076937 86.85175964663317 -30.64402993680789 6.21 -7.11 6.78 7.55 -4.45 4.58 -0.36 -0.69 -0.63 0.26 -0.72 -0.57
0.0 56.93043573906638 -18.941116591045233 86.35099831059574 -30.705047480812915 6.31 -5.85 5.47 7.42 -3.99 4.18 -0.14 -0.58 -0.47 -0.06 -0.58 -0.5
0.0 56.841107216301225 -18.936849411737327 85.70260746355724 -30.820588562679504 6.62 -4.51 3.92 8.15 -4.22 4.08 -0.33 -0.57 -0.51 -0.16 -0.73 -0.43
0.0 56.70256596476683 -18.929150902178755 84.85035977391863 -31.046006595734717 7.89 -6.04 5.09 9.47 -5.21 4.05 -0.68 -0.66 -0.63 0.21 -0.72 -0.5
0.0 56.31703704970447 -18.92779868144743 84.26570587838563 -31.053303665232697 6.91 -7.39 6.03 8.27 -3.77 4.36 -0.16 -0.63 -0.5 0.64 -0.63 -0.63
0.0 56.059376239826605 -18.92592189775468 83.62395047507077 -31.079115724203874 6.79 -6.13 5.1 8.34 -3.46 4.3 0.39 -0.63 -0.4 0.41 -0.51 -0.51
0.0 55.99341832025746 -18.918093041584747 82.84493377184953 -31.21520926203076 7.28 -4.82 4.71 9.08 -4.06 3.98 0.37 -0.72 -0.42 0.4 -0.53 -0.4
0.0 55.83959674463586 -18.910547397538114 82.08771364145525 -31.344223552102513 8.06 -5.16 4.84 9.09 -3.77 3.51 0.08 -0.68 -0.44 0.61 -0.52 -0.44
0.0 55.6070258996738 -18.907949934838214 81.38444326502172 -31.41372175415711 7.87 -5.03 4.0 8.74 -2.8 3.03 -0.05 -0.56 -0.43 0.49 -0.56 -0.49
0.0 55.433877999570434 -18.9021182431226 80.57380866197184 -31.511002488365506 7.92 -4.79 4.02 9.25 -2.72 2.87 -0.28 -0.54 -0.51 0.25 -0.69 -0.42
0.0 55.17858429282944 -18.899227467618275 79.84764187035101 -31.58433392504901 7.76 -5.72 4.66 8.87 -2.92 3.16 -0.3 -0.45 -0.52 0.23 -0.62 -0.34
0.0 54.95012035886923 -18.89927888185318 79.09572633151848 -31.635962205655645 7.69 -5.14 4.22 8.89 -2.63 3.15 -0.21 -0.39 -0.44 0.09 -0.49 -0.29
0.0 54.7837456334968 -18.89419731685002 78.30902596648207 -31.72175546417548 8.15 -4.07 3.17 9.07 -2.89 3.11 -0.24 -0.33 -0.4 -0.02 -0.58 -0.29
0.0 54.610458022268034 -18.877392820795084 77.38164030283002 -31.87377936147034 8.85 -4.86 3.79 9.93 -3.35 2.92 -0.57 -0.37 -0.5 0.16 -0.64 -0.32
0.0 54.33861112677622 -18.8788328174726 76.57664670116631 -31.923277283755816 8.21 -5.28 4.03 9.36 -2.66 2.99 -0.45 -0.33 -0.46 0.4 -0.6 -0.33
0.0 54.036516887195816 -18.887183321223155 75.75074784556207 -31.940865172426037 8.74 -4.75 3.31 9.24 -1.78 2.62 -0.33 -0.24 -0.36 0.26 -0.58 -0.3
0.0 53.85462015749782 -18.896401477999582 74.71795946244146 -31.961782500428853 8.85 -3.32 2.91 10.34 -1.32 2.49 -0.69 -0.22 -0.3 0.02 -0.67 -0.31
0.0 53.62762997013449 -18.880528314707146 73.85723405870796 -32.07653577263942 8.4 -4.99 3.63 9.74 -2.46 2.44 -1.02 -0.32 -0.31 -0.03 -0.53 -0.42
0.0 53.28522133378392 -18.879587184765242 73.03568341927316 -32.13166099946547 8.06 -6.27 4.29 9.39 -2.42 2.68 -0.47 -0.37 -0.23 -0.02 -0.4 -0.4
0.0 53.01712197097129 -18.875083373145547 72.20101743607351 -32.19748932307369 8.07 -5.52 3.73 9.35 -2.59 2.71 0.11 -0.34 -0.17 0.04 -0.31 -0.35
0.0 52.83355632579898 -18.863596158052086 71.32361415100146 -32.28393989523066 8.23 -4.14 2.73 9.48 -2.53 2.4 0.06 -0.32 -0.16 0.19 -0.34 -0.3
0.0 52.671193009272464 -18.830094699233882 70.36661091044978 -32.43403141660401 8.68 -4.02 2.35 9.87 -2.57 1.73 -0.33 -0.3 -0.25 0.23 -0.42 -0.3
0.0 52.422759358915776 -18.80418075881589 69.4387927477367 -32.553728928687704 8.71 -4.68 2.49 9.67 -2.14 1.36 -0.46 -0.26 -0.32 0.35 -0.42 -0.31
0.0 52.08219019642636 -18.808129346427684 68.51298666287462 -32.5865993158173 8.56 -5.03 2.67 9.58 -1.53 1.58 -0.38 -0.25 -0.33 0.37 -0.45 -0.28
0.0 51.738471635712884 -18.82227791128953 67.60104046035693 -32.589878358245386 8.27 -4.9 2.67 9.53 -1.43 1.92 -0.13 -0.27 -0.3 0.24 -0.41 -0.24
0.0 51.46329544868829 -18.816897849411212 66.64759280610834 -32.638904203255095 8.62 -4.36 2.39 9.78 -1.68 1.83 0.05 -0.31 -0.26 0.18 -0.35 -0.21
0.0 51.22119573168832 -18.79724508580615 65.66280445998328 -32.71664054622056 8.74 -4.15 2.31 10.01 -1.86 1.63 -0.0 -0.34 -0.26 0.2 -0.33 -0.22
0.0 50.939098586748045 -18.774085554438415 64.70560877418326 -32.79538312617439 8.97 -4.37 2.19 9.87 -1.88 1.46 -0.06 -0.35 -0.26 0.28 -0.34 -0.25
0.0 50.63674479879238 -18.76593148181677 63.735493557017094 -32.83554106690479 8.9 -4.39 2.36 9.8 -1.49 1.34 -0.02 -0.34 -0.24 0.4 -0.35 -0.27
0.0 50.31590657587483 -18.77353513998719 62.77148884368138 -32.83764499190688 8.65 -4.22 2.36 9.65 -1.09 1.31 0.01 -0.32 -0.22 0.36 -0.35 -0.26
0.0 49.97931778929991 -18.774576250978075 61.80810421199293 -32.84804998992283 8.55 -4.36 2.3 9.63 -1.1 1.28 0.08 -0.33 -0.22 0.2 -0.28 -0.19
0.0 49.657793232706 -18.763995478317828 60.81082034490262 -32.87504623302713 8.91 -4.22 2.15 9.84 -1.2 1.18 0.16 -0.32 -0.19 0.14 -0.25 -0.15
0.0 49.363119543978684 -18.74900812129119 59.81295681187491 -32.90362392328978 8.91 -3.97 2.14 9.93 -1.31 1.16 0.05 -0.28 -0.16 0.12 -0.25 -0.16
0.0 49.04339255586686 -18.72630139833262 58.841405834226315 -32.939544585477314 8.89 -4.22 2.15 9.76 -1.35 1.02 0.0 -0.27 -0.17 0.14 -0.22 -0.12
0.0 48.69435769973024 -18.7216634828139 57.851240637696236 -32.93639151948274 8.99 -4.13 2.13 9.85 -1.21 1.13 0.09 -0.24 -0.14 0.18 -0.21 -0.12
0.0 48.35958199753867 -18.709753514784868 56.84069319173307 -32.93806513019172 8.97 -3.91 1.98 10.01 -1.23 1.09 0.08 -0.24 -0.13 0.18 -0.2 -0.14
0.0 48.003872786986456 -18.694155162154367 55.84040191859282 -32.938588428207446 9.0 -4.0 1.92 9.96 -1.2 1.0 0.12 -0.23 -0.16 0.18 -0.17 -0.13
0.0 47.63319788821169 -18.686460875758105 54.83814596216124 -32.918550198036584 9.02 -3.81 1.73 9.78 -0.87 0.78 0.12 -0.19 -0.16 0.16 -0.19 -0.08
0.0 47.2917766806593 -18.65723909943806 53.83917645248748 -32.92435087506063 9.04 -3.66 1.61 9.82 -1.05 0.68 0.05 -0.18 -0.17 0.1 -0.19 -0.06
0.0 46.93569400957695 -18.62531971132397 52.82007188727747 -32.92417199767865 9.19 -3.68 1.6 10.07 -1.19 0.73 0.02 -0.16 -0.19 0.08 -0.18 -0.08
0.0 46.56682708673208 -18.599848785001 51.83193674199979 -32.90702485048261 9.24 -3.68 1.67 9.91 -1.15 0.74 0.05 -0.15 -0.22 0.14 -0.19 -0.08
0.0 46.15996284520659 -18.597533420591137 50.83902285634345 -32.84690366928326 9.11 -3.6 1.65 9.75 -0.79 0.69 0.09 -0.12 -0.22 0.2 -0.2 -0.08
0.0 45.76326870574922 -18.592072702490675 49.839204357811994 -32.782044579977416 9.08 -3.39 1.6 9.82 -0.76 0.7 0.02 -0.11 -0.2 0.15 -0.18 -0.08
0.0 45.350384188154294 -18.585309479064087 48.84991692019167 -32.71084136225493 9.06 -3.43 1.63 9.76 -0.72 0.67 -0.01 -0.12 -0.2 0.11 -0.16 -0.06
0.0 44.925494399433155 -18.568735091045834 47.840103258382854 -32.641515989115085 9.09 -3.54 1.66 9.99 -0.81 0.66 0.04 -0.11 -0.19 0.1 -0.15 -0.06
0.0 44.48704249304622 -18.562590906398512 46.826817564555675 -32.54748952140899 9.43 -3.32 1.53 9.91 -0.58 0.53 0.04 -0.08 -0.16 0.1 -0.15 -0.08
0.0 44.05962256391878 -18.548334274834865 45.84989711150846 -32.457999226106374 9.16 -3.24 1.53 9.8 -0.7 0.57 -0.07 -0.08 -0.15 0.07 -0.15 -0.08
0.0 43.60556421403308 -18.51850756612959 44.8476565166034 -32.3746200164509 9.24 -3.4 1.47 10.09 -0.86 0.56 -0.04 -0.09 -0.13 0.09 -0.14 -0.06
0.0 43.12415873614916 -18.512988430593904 43.83574213261594 -32.247290123275505 9.47 -3.28 1.47 10.05 -0.58 0.49 -0.02 -0.07 -0.14 0.09 -0.13 -0.07
0.0 42.63016108884935 -18.50356288652464 42.83997963713214 -32.11544735041231 9.25 -3.26 1.41 10.0 -0.56 0.47 -0.05 -0.08 -0.12 0.04 -0.13 -0.09
0.0 42.153700588635964 -18.46376216481595 41.86965267930875 -32.01270876921812 9.2 -3.35 1.44 9.94 -0.77 0.4 -0.02 -0.09 -0.1 0.02 -0.1 -0.08
0.0 41.65663586329391 -18.41982135429743 40.87787269818745 -31.89815003531735 9.39 -3.4 1.44 10.11 -0.79 0.33 0.02 -0.09 -0.1 0.04 -0.07 -0.06
0.0 41.150473393440784 -18.36420169968976 39.89427815974111 -31.784775813306915 9.5 -3.48 1.46 10.17 -0.87 0.28 0.05 -0.07 -0.11 0.04 -0.06 -0.05
0.0 40.66111482022591 -18.311560218539107 38.92250376773482 -31.655580562025385 9.56 -3.17 1.39 10.11 -0.84 0.25 0.01 -0.04 -0.11 0.03 -0.09 -0.07
0.0 40.13486119376388 -18.27369332956408 37.99371169409899 -31.504099437059153 9.11 -3.17 1.36 9.8 -0.79 0.32 -0.07 -0.03 -0.11 0.03 -0.09 -0.09
0.0 39.56691840203909 -18.229119542505643 37.06596570533209 -31.34642097224841 9.06 -3.37 1.34 9.67 -0.73 0.25 -0.03 -0.03 -0.11 0.04 -0.06 -0.08
0.0 38.983482954831885 -18.186044818689172 36.11132921460648 -31.16557842626967 9.18 -3.31 1.31 9.76 -0.58 0.14 0.01 -0.01 -0.11 0.06 -0.05 -0.04
0.0 38.362446843573025 -18.160562693869952 35.14278007363713 -30.945682754975785 9.4 -3.21 1.24 9.96 -0.45 0.17 -0.03 0.0 -0.11 -0.0 -0.04 -0.0
0.0 37.77288124875632 -18.12116140938592 34.215750463036585 -30.73553825468565 9.43 -3.07 1.3 10.07 -0.69 0.34 -0.08 0.0 -0.08 -0.05 -0.05 -0.01
0.0 37.14804619088895 -18.089556663421753 33.318620617452275 -30.50953389793306 9.26 -3.12 1.3 9.99 -0.77 0.47 -0.07 -0.02 -0.05 -0.04 -0.05 -0.07
0.0 36.502347438901545 -18.045839539803364 32.42585946037545 -30.281278427093213 9.31 -3.25 1.34 9.84 -0.74 0.38 -0.05 -0.04 -0.04 0.04 -0.03 -0.07
0.0 35.78401434196339 -18.033582848690003 31.489668290122886 -29.989030563178446 9.35 -3.3 1.34 9.92 -0.39 0.26 -0.01 -0.03 -0.02 0.05 -0.03 -0.04
0.0 35.087691167353874 -18.017545079900245 30.571394101704236 -29.68820156775338 9.3 -3.04 1.29 9.86 -0.33 0.23 -0.01 -0.03 0.0 -0.06 -0.05 -0.03
0.0 34.395198437119845 -17.983932799678733 29.684492097766864 -29.39755190519773 9.2 -2.98 1.27 9.84 -0.48 0.28 -0.05 -0.03 0.01 -0.12 -0.04 -0.01
0.0 33.69282472706656 -17.92213779430071 28.807363948414306 -29.119032979601585 9.29 -3.06 1.26 9.87 -0.62 0.23 -0.09 -0.03 0.01 -0.08 -0.03 -0.01
0.0 32.9424772530045 -17.86385487193153 27.926728085624156 -28.815043843773168 9.32 -3.17 1.24 9.8 -0.54 0.14 -0.09 -0.02 0.01 -0.04 -0.03 0.0
0.0 32.18554671564965 -17.81242086757527 27.051582039929286 -28.485361943038114 9.39 -3.11 1.3 10.14 -0.65 0.28 -0.06 -0.01 0.01 -0.08 -0.02 -0.0
0.0 31.408766933535546 -17.736887275668458 26.187468659929287 -28.160906994686407 9.58 -3.17 1.25 10.21 -0.74 0.25 -0.02 -0.0 -0.01 -0.05 -0.02 -0.01
0.0 30.603676107864963 -17.70411331950738 25.33344693127696 -27.778798547232306 9.38 -3.02 1.3 9.99 -0.54 0.28 -0.06 0.0 -0.01 -0.0 -0.02 -0.01
0.0 29.771311983607923 -17.638185265478164 24.47279868653321 -27.399954103923797 9.39 -3.13 1.3 9.99 -0.51 0.14 -0.09 0.0 -0.01 -0.03 -0.0 -0.02
0.0 28.927380523740183 -17.542984259004594 23.622090424869526 -27.026778381352358 9.34 -3.19 1.27 9.92 -0.54 0.02 0.01 0.01 -0.01 -0.05 0.02 -0.01
0.0 28.04321763989678 -17.505189461922146 22.79966374227284 -26.593227967891963 9.39 -2.96 1.16 9.81 -0.47 0.21 0.0 0.03 -0.01 -0.06 0.03 0.0
0.0 27.1808302989878 -17.41192946845324 22.009183973692714 -26.20118768775191 9.16 -3.03 1.18 9.9 -0.76 0.28 -0.05 0.03 -0.02 -0.06 0.0 -0.03
0.0 26.307664407788927 -17.26960848547541 21.20306084295946 -25.813866742757064 9.32 -3.18 1.26 9.96 -0.81 0.09 -0.04 0.03 -0.03 -0.04 0.02 -0.03
0.0 25.36172470034547 -17.157878187672686 20.402577778248187 -25.375395862170997 9.23 -3.19 1.16 9.79 -0.67 0.06 -0.04 0.03 -0.05 -0.01 0.03 -0.04
0.0 24.44997367581187 -16.96159853788809 19.604554173574257 -24.976049923307087 9.33 -3.17 1.11 10.1 -0.89 -0.06 0.02 0.03 -0.06 0.01 0.03 -0.05
0.0 23.355057766124773 -16.91493210001594 18.773227465651104 -24.40058206158328 9.66 -3.16 1.07 10.18 -0.37 0.05 0.06 0.05 -0.07 0.08 0.03 -0.03
0.0 22.310866723267466 -16.846409283451035 17.986829548363318 -23.843706919540104 9.41 -2.98 1.11 9.94 -0.4 0.13 0.0 0.06 -0.08 0.05 0.02 -0.03
0.0 21.26819813621067 -16.753237838196515 17.2324928006299 -23.299380949984034 9.22 -3.0 1.16 10.14 -0.63 0.3 -0.02 0.04 -0.04 0.01 0.01 -0.07
0.0 20.118382504108446 -16.67790583830268 16.446109113668456 -22.68198778324932 9.63 -3.23 1.23 10.25 -0.43 0.21 -0.0 0.03 -0.04 0.01 0.04 -0.03
0.0 19.02751404794084 -16.522531112224492 15.707187991248333 -22.128707133793917 9.44 -3.4 1.37 9.96 -0.65 0.16 -0.01 0.03 -0.05 0.01 0.04 -0.0
0.0 17.963048566425655 -16.300476721196826 14.995983067377765 -21.611664637803344 9.24 -3.43 1.37 9.84 -0.89 0.12 0.02 0.04 -0.04 0.01 0.04 -0.01
0.0 16.84775262274961 -16.17444184680698 14.28897508341781 -20.996277891020696 9.15 -3.13 1.36 9.72 -0.74 0.27 0.05 0.06 -0.02 0.06 0.03 -0.01
0.0 15.643706603901542 -16.12859032151641 13.584919595809808 -20.295716826779916 9.0 -3.12 1.43 9.56 -0.52 0.41 0.03 0.05 0.0 0.12 0.05 -0.03
0.0 14.343647962336263 -16.103962130193448 12.863215059451463 -19.528099038790046 8.91 -3.05 1.29 9.61 -0.3 0.39 0.07 0.04 0.06 0.08 0.05 -0.04
0.0 13.01648657824203 -16.053657185704047 12.138232753318249 -18.735872753878184 9.26 -2.97 1.21 9.92 -0.27 0.36 0.07 0.02 0.07 -0.03 0.06 -0.01
0.0 11.749189404399793 -15.881069064386262 11.461865391278309 -18.03558083940554 9.38 -3.11 1.2 10.09 -0.66 0.38 0.03 -0.0 0.04 -0.11 0.07 0.02
0.0 10.447332666846762 -15.724625723050334 10.784808117332886 -17.284071429713926 9.47 -3.17 1.32 10.04 -0.64 0.36 0.04 -0.02 0.0 -0.03 -0.0 0.03
0.0 9.020291272593575 -15.702161086176417 10.07640229106542 -16.37424369864911 9.42 -2.79 1.2 9.98 -0.23 0.36 -0.02 -0.0 0.02 0.07 -0.02 0.01
0.0 7.584481198462777 -15.567059701375197 9.376055432031038 -15.493522329416196 9.43 -2.95 1.24 10.07 -0.28 0.22 -0.02 -0.02 0.04 0.08 -0.0 -0.01
0.0 6.056012168823079 -15.589567363228493 8.67652979168733 -14.484934839133443 9.51 -2.84 1.32 9.92 0.0 0.34 0.07 -0.03 0.07 0.09 -0.0 -0.05
0.0 4.471631305312984 -15.66780226210428 7.981789006259987 -13.413052413635784 9.38 -2.68 1.3 9.89 0.15 0.41 0.03 -0.03 0.11 -0.0 -0.01 -0.07
0.0 2.968797953092933 -15.545146934812632 7.3431046385499315 -12.482257696756273 9.13 -2.77 1.19 9.88 -0.29 0.42 -0.06 -0.06 0.12 -0.08 0.02 -0.08
0.0 1.4389263788688442 -15.357496859518566 6.703824099939368 -11.535181365927807 9.26 -3.0 1.3 9.84 -0.39 0.32 -0.06 -0.07 0.09 -0.09 0.05 -0.08
0.0 0.0 -15.14349624663381 6.088363250113517 -10.591069636632946 9.15 -3.02 1.26 9.63 -0.51 0.34 0.0 -0.06 0.06 -0.06 0.01 -0.09
0.0 0.0 -14.766015671904816 5.47350345931045 -9.665832647718249 9.19 -2.92 1.11 9.99 -0.69 0.21 -0.0 -0.06 0.02 -0.03 0.01 -0.1
0.0 0.0 -14.31624332748788 4.885852702446471 -8.761672597333254 9.45 -3.17 1.2 10.0 -0.87 0.23 0.02 -0.04 -0.07 0.03 -0.01 -0.08
0.0 0.0 -14.020194453569557 4.275640889969452 -7.700817773289506 9.4 -3.23 1.23 9.95 -0.58 0.26 0.03 -0.01 -0.15 0.11 -0.07 -0.05
0.0 0.0 -13.748580276910927 3.670666679276266 -6.586696245982887 9.33 -3.28 1.28 9.98 -0.46 0.31 0.04 0.0 -0.21 0.12 -0.07 -0.02
0.0 0.0 -13.462142034649048 3.061037944205424 -5.412454513543212 9.33 -3.14 1.35 9.97 -0.32 0.28 0.07 0.01 -0.23 0.1 -0.06 -0.0
0.0 0.0 -13.16622956143687 2.4429872206709433 -4.164983725429435 9.38 -3.1 1.36 9.95 -0.15 0.22 0.08 0.02 -0.21 0.08 -0.05 -0.0
0.0 0.0 -13.004824264200526 1.8335769244267937 -2.8416228966982597 9.51 -3.0 1.33 9.96 0.0 0.33 0.03 0.03 -0.17 0.1 -0.04 0.0
0.0 0.0 -12.86359670412877 1.236313829773394 -1.4889461541205122 9.37 -3.11 1.43 10.08 0.04 0.41 0.03 0.01 -0.12 0.06 -0.04 -0.01
