0.0 0.0 0.0 0.0 0.0 9.12 -2.99 1.08 9.69 -0.12 0.24 0.09 -0.06 -0.01 0.03 -0.02 0.0
0.0 0.09612072429917373 1.2585134571058805 0.0118577448077275 -0.04991779981528777 9.29 -2.88 1.13 9.85 -0.35 0.21 0.06 -0.07 0.03 -0.05 0.01 -0.0
0.0 0.18215781715966317 3.551105059513229 0.06275130182874022 -0.1611366746024463 9.5 -3.2 1.17 9.95 -0.7 0.32 0.02 -0.07 0.03 -0.02 -0.01 -0.02
0.0 0.2442278297166829 3.89484886892544 0.09228431625406586 -0.19317644352729735 9.3 -2.97 1.16 9.75 -0.44 0.39 0.01 -0.04 0.03 0.04 -0.05 0.0
0.0 0.2690763712390911 3.658347484633578 0.10457509136791998 -0.1934298833640007 9.23 -2.97 1.2 9.88 -0.25 0.38 -0.03 -0.04 0.02 -0.02 -0.03 0.02
0.0 0.38009477178660167 4.547351592001103 0.135539156093742 -0.24600333505976768 9.35 -2.92 1.3 9.99 -0.44 0.38 -0.06 -0.04 0.02 -0.13 -0.02 0.01
0.0 0.5100836607003294 6.043204957288793 0.17938554462219258 -0.3302221279925326 9.42 -2.93 1.28 9.94 -0.63 0.38 -0.07 -0.04 0.02 -0.12 -0.01 -0.02
0.0 0.6252772821259627 7.574625874345401 0.23205894456323506 -0.4241127857733944 9.32 -3.09 1.4 9.92 -0.74 0.41 -0.07 -0.04 -0.01 -0.06 -0.03 -0.02
0.0 0.7013346122218311 8.497102479333371 0.26115230092420916 -0.47964335877975683 9.39 -3.08 1.33 9.93 -0.6 0.35 0.0 -0.03 -0.04 -0.06 -0.02 -0.02
0.0 0.7948666295415219 9.128164689638352 0.29612283312283694 -0.52993012776904 9.29 -2.95 1.3 9.94 -0.55 0.4 -0.02 -0.01 -0.06 -0.08 -0.03 -0.02
0.0 0.8582128439711247 9.849447801510074 0.3159277116303656 -0.5719758806339719 9.26 -2.97 1.24 9.86 -0.49 0.31 -0.09 -0.01 -0.07 -0.09 -0.03 -0.03
0.0 0.897474860303549 10.7879859470114 0.3564552956138698 -0.6392376650135911 9.28 -3.23 1.28 9.95 -0.6 0.37 -0.07 0.0 -0.07 -0.06 -0.02 -0.03
0.0 0.9277484339485911 11.182613095158425 0.3879346684330045 -0.6797893062209726 9.32 -3.22 1.27 9.83 -0.49 0.4 -0.0 0.01 -0.07 -0.03 -0.03 -0.03
0.0 0.9899677027163598 11.762406200299669 0.4225128367962583 -0.7302399542152322 9.25 -3.09 1.23 9.87 -0.52 0.4 0.01 -0.0 -0.06 -0.06 -0.02 -0.04
0.0 1.0445814022715185 12.832873359452558 0.445775634900869 -0.7899784233108564 9.23 -3.06 1.13 9.8 -0.57 0.26 0.01 -0.02 -0.05 -0.04 -0.01 -0.03
0.0 1.0323787668948958 13.614899447798148 0.45711659619857414 -0.8288728444811417 9.33 -3.22 1.04 9.82 -0.48 0.2 0.01 -0.02 -0.06 -0.03 -0.01 -0.03
0.0 1.0563074925848985 14.34348288855246 0.46777915408884496 -0.8651772401603486 9.38 -3.05 0.95 9.92 -0.45 0.18 0.06 -0.02 -0.06 -0.02 -0.04 -0.02
0.0 1.0741032940387838 15.062104351792021 0.4769693873077898 -0.8997705231852307 9.39 -3.04 0.93 9.95 -0.43 0.16 0.06 -0.03 -0.05 -0.02 -0.04 -0.01
0.0 1.1049717749909356 15.427226137148908 0.478427174064052 -0.9144355473322172 9.38 -2.94 0.99 9.99 -0.32 0.17 0.03 -0.05 -0.03 -0.04 -0.02 -0.01
0.0 1.1230608566605778 16.131640386795457 0.485111707234509 -0.94608187588865 9.44 -3.06 1.01 10.05 -0.38 0.14 0.03 -0.07 -0.01 -0.04 -0.01 -0.01
0.0 1.1791596197131533 16.973720397615864 0.4933885535655662 -0.9840019287263637 9.52 -2.88 0.92 9.94 -0.42 0.11 0.02 -0.06 0.01 -0.02 -0.03 -0.03
0.0 1.2237408784572341 17.53185484982683 0.5137154977557117 -1.0229816409175772 9.4 -2.96 1.02 9.9 -0.44 0.21 -0.04 -0.06 0.0 -0.01 -0.05 -0.05
0.0 1.2478958985168167 17.82363228935642 0.5261939815602972 -1.0451966616638946 9.3 -3.11 1.21 9.85 -0.36 0.24 -0.03 -0.05 0.01 -0.0 -0.04 -0.03
0.0 1.2760177024510746 17.906868297893606 0.5433806659410578 -1.0644485513947437 9.25 -3.03 1.16 9.97 -0.33 0.32 0.01 -0.06 0.02 -0.03 -0.02 -0.01
0.0 1.3631171967008773 18.159504516006113 0.5581490339972106 -1.0875797697310365 9.52 -3.01 1.36 10.02 -0.34 0.3 0.03 -0.06 0.03 -0.05 0.04 -0.01
0.0 1.4237312089667213 18.61170817670067 0.5906694820106395 -1.134976309206479 9.32 -3.12 1.36 9.97 -0.47 0.35 0.04 -0.03 0.05 0.01 0.02 -0.02
0.0 1.4285385571612097 17.539833184874414 0.5655290740601941 -1.0720663395571166 9.62 -3.04 1.44 10.3 0.08 0.37 0.01 0.01 0.05 0.16 -0.02 -0.02
0.0 1.5307229873532164 16.323956693058744 0.5891079708942613 -1.0487418177873038 9.83 -3.17 1.9 10.47 0.0 0.66 -0.01 0.04 0.07 0.07 0.09 0.05
0.0 1.714659162038127 14.848368659932042 0.6538137673312576 -1.0500657258145152 9.74 -3.21 2.38 10.75 -0.13 1.02 0.1 0.04 0.13 -0.04 0.19 0.05
0.0 1.9091090771079586 13.60403686566948 0.7537922997783255 -1.0869853725909686 9.76 -3.41 2.62 10.94 -0.36 1.3 0.2 0.04 0.17 -0.11 0.32 0.04
0.0 2.0129844345171404 11.827290816141947 0.8119866091354169 -1.059424709787852 10.03 -4.16 3.34 10.75 -0.07 1.27 0.4 0.03 0.2 -0.18 0.53 0.09
0.0 2.22341364063736 10.919381206326248 0.9182000894182636 -1.1058056619255856 9.96 -4.03 3.36 10.91 -0.42 1.41 0.73 0.09 0.26 -0.36 0.72 0.13
0.0 2.5394977682867497 9.002578858179863 1.0542886190823708 -1.1209387235193011 10.32 -3.8 3.75 10.58 -0.32 1.83 0.79 0.17 0.32 -0.43 0.92 0.15
0.0 2.921968689876294 8.10848543634353 1.1788684867265005 -1.170541734115488 10.13 -3.51 3.84 10.46 -0.5 1.69 0.74 0.31 0.43 -0.42 1.15 0.17
0.0 3.200168407035619 6.728961566982017 1.301119856151871 -1.1858482710503395 10.17 -3.35 3.44 10.5 -0.36 1.78 0.53 0.49 0.51 -0.52 1.32 0.18
0.0 3.4221862275771664 5.924758548980514 1.5156305007283208 -1.2943536464953689 9.93 -3.92 3.4 10.39 -0.85 2.27 0.47 0.63 0.48 -0.6 1.37 0.26
0.0 3.6341359887450984 4.854518789041621 1.7212071352563356 -1.371335706376525 9.97 -4.34 3.8 10.04 -0.79 2.41 0.57 0.78 0.47 -0.74 1.5 0.37
0.0 4.025065564317771 4.196235549915642 1.9321255458790318 -1.4716625870952815 9.8 -3.62 3.72 9.85 -0.93 2.43 0.48 1.03 0.5 -0.94 1.51 0.44
0.0 4.406326957055077 4.116570186944208 2.1901620639066977 -1.641943726679726 9.56 -3.68 3.63 9.7 -1.36 2.62 0.11 1.19 0.49 -0.97 1.57 0.52
0.0 4.746904918674409 4.688962286976725 2.5261698063789026 -1.9180700164669906 9.57 -4.54 3.9 9.32 -2.07 2.98 0.03 1.35 0.45 -0.94 1.59 0.6
0.0 5.089343644673489 4.303390331657771 2.9081794661387477 -2.146137760706073 9.31 -4.69 4.2 9.12 -2.02 3.64 0.11 1.5 0.42 -0.96 1.61 0.67
0.0 5.541360042688347 4.327998057451218 3.3095312924350964 -2.4209752462162095 9.0 -4.37 4.19 8.71 -2.31 3.82 0.12 1.67 0.43 -0.98 1.48 0.73
0.0 6.0286392760834016 4.727493799253873 3.7515455617089657 -2.7629889821710147 8.73 -4.12 3.87 8.81 -2.79 4.05 -0.09 1.74 0.43 -0.96 1.42 0.81
0.0 6.399227184885738 4.7872666717418335 4.240258920903159 -3.102692645289088 8.74 -5.02 4.36 8.91 -2.94 4.55 -0.2 1.71 0.39 -0.75 1.42 0.84
0.0 6.673150880748462 4.365829119214653 4.7264836768001 -3.3789147665033603 8.22 -5.82 5.1 8.19 -2.62 4.82 0.11 1.71 0.41 -0.76 1.39 0.9
0.0 7.159706198570097 4.472928627225221 5.262328423178019 -3.75107419010895 8.03 -5.22 4.91 7.88 -3.1 5.01 0.24 1.74 0.48 -0.88 1.33 1.0
0.0 7.875634873221766 5.234779223057556 5.860600841565869 -4.263197878259329 8.14 -4.68 4.82 8.19 -4.05 5.18 0.15 1.71 0.51 -0.81 1.31 1.05
0.0 8.489293028874965 5.4644142318696485 6.473961805922173 -4.714149663414783 7.72 -4.86 5.1 7.72 -3.96 5.51 0.04 1.65 0.51 -0.58 1.23 0.97
0.0 9.04033563381427 5.486136549470193 7.0659154995227595 -5.117125519339541 7.38 -5.11 5.44 7.2 -3.7 5.52 0.05 1.62 0.56 -0.47 1.1 0.94
0.0 9.708047952555667 5.867085124568455 7.669574540753089 -5.59282118140679 6.99 -4.93 5.55 7.13 -4.07 5.38 0.06 1.59 0.62 -0.55 1.07 0.93
0.0 10.41688569578968 6.35580320427864 8.299187702480609 -6.113511588948526 6.36 -4.73 5.5 6.77 -4.4 5.35 0.06 1.53 0.63 -0.6 1.07 0.93
0.0 11.119658980269437 6.79459165594424 8.968265916789676 -6.658995133106901 5.99 -4.9 5.66 6.41 -4.65 5.53 0.02 1.44 0.61 -0.57 1.03 0.91
0.0 11.870518125458911 7.357099267264945 9.631481344983172 -7.236134103917006 5.88 -5.02 5.9 6.25 -4.92 5.36 0.07 1.41 0.6 -0.55 0.93 0.88
0.0 12.634692466661743 7.742939852669853 10.30240775608614 -7.786818155643811 5.51 -4.76 5.9 6.18 -4.88 5.46 0.0 1.4 0.6 -0.55 0.86 0.83
0.0 13.432935186644263 8.083399138895642 11.03339787312234 -8.37308047859774 4.87 -4.57 5.87 5.78 -5.1 5.79 -0.2 1.3 0.59 -0.61 0.87 0.8
0.0 14.192470737350847 8.559548970689953 11.797803302686788 -9.024131583752089 4.38 -5.17 6.18 5.22 -5.5 5.81 -0.23 1.2 0.56 -0.59 0.81 0.77
0.0 14.953434218989266 8.97363496205622 12.549851482596225 -9.65793821468155 4.17 -5.28 6.33 4.93 -5.51 5.72 -0.05 1.13 0.58 -0.46 0.68 0.73
0.0 15.819164661449337 9.360592465071287 13.371959510760234 -10.338295328128035 3.7 -4.94 6.29 4.96 -5.9 6.14 -0.04 1.07 0.57 -0.39 0.64 0.69
0.0 16.66038061885524 9.816765551625753 14.24847708454115 -11.084824389280403 3.33 -5.32 6.4 4.77 -6.42 6.39 0.04 0.85 0.49 -0.35 0.66 0.66
0.0 17.546953827733198 10.157194244713537 15.079602649421801 -11.769171857812376 3.18 -5.22 6.79 4.2 -6.13 6.14 0.26 0.73 0.46 -0.09 0.52 0.63
0.0 18.43526603982285 10.452075193346303 15.860589803648509 -12.408099561735234 3.09 -4.81 6.69 4.26 -5.84 5.82 0.22 0.7 0.45 -0.01 0.41 0.58
0.0 19.281174482540575 10.803031991527076 16.6606769375947 -13.085652381564426 2.82 -4.92 6.57 4.45 -6.04 5.75 0.12 0.63 0.41 -0.06 0.43 0.51
0.0 20.211037252123475 11.052862500079216 17.515910574682394 -13.763718245379827 2.51 -4.82 6.91 3.96 -6.08 6.02 0.14 0.56 0.38 -0.07 0.44 0.44
0.0 21.141147783242538 11.300271320216709 18.37902085195843 -14.448000909677345 2.45 -5.05 7.28 3.68 -6.13 6.03 0.19 0.53 0.35 -0.12 0.36 0.41
0.0 22.151076477413802 11.512498091220953 19.25144673315681 -15.124040400324375 2.25 -4.73 7.47 3.72 -6.18 6.15 0.08 0.54 0.33 -0.17 0.31 0.39
0.0 23.1471109062254 11.795154931574965 20.18644606393336 -15.876155135529537 1.76 -4.97 7.52 3.53 -6.68 6.34 -0.11 0.47 0.28 -0.23 0.34 0.38
0.0 24.105149813687817 12.060678589019046 21.110590329495793 -16.616017345149118 1.84 -5.39 7.85 3.16 -6.68 6.19 0.01 0.43 0.26 -0.15 0.27 0.36
0.0 25.091267510145506 12.238537691193871 22.003893359981006 -17.290768549733173 1.83 -5.07 7.94 3.13 -6.38 6.11 0.02 0.5 0.27 -0.11 0.2 0.35
0.0 26.066091062894266 12.407923645208337 22.95079068314587 -17.993526786960977 1.4 -5.13 7.99 3.58 -6.74 6.56 -0.1 0.49 0.25 -0.26 0.28 0.34
0.0 27.052886661645164 12.607995894490015 23.944957116516875 -18.7433844535631 1.3 -5.55 8.35 3.13 -7.03 6.66 -0.07 0.44 0.22 -0.28 0.3 0.35
0.0 28.05916738752481 12.80589379880761 24.95495704975717 -19.50161900530575 1.37 -5.6 8.44 2.96 -7.22 6.73 -0.01 0.45 0.24 -0.14 0.28 0.36
0.0 29.083408058054847 12.983814762167402 25.957886456274466 -20.24187842281572 1.23 -5.47 8.52 3.22 -7.34 6.83 0.02 0.44 0.23 -0.08 0.27 0.32
0.0 30.068570552859153 13.111884284119856 26.976593986751062 -20.953769109393516 0.97 -5.47 8.57 2.86 -7.22 6.89 0.11 0.4 0.22 0.0 0.29 0.3
0.0 30.965091763013085 13.208355036720503 27.95728411275455 -21.61553342087852 1.15 -5.6 8.53 2.8 -6.91 6.72 0.21 0.4 0.21 0.03 0.3 0.33
0.0 31.94766728988733 13.33096398888508 28.93678368728181 -22.29379953541743 1.02 -5.19 8.41 2.7 -6.9 6.53 0.22 0.4 0.2 0.0 0.29 0.33
0.0 32.93076603724782 13.427111478663303 29.928928138534637 -22.953514710246832 0.84 -4.85 8.23 2.67 -6.89 6.6 0.07 0.41 0.2 -0.03 0.29 0.31
0.0 33.8350466645697 13.566925919804092 30.961462484983457 -23.67116593303755 0.66 -5.39 8.22 2.51 -7.25 6.63 0.06 0.37 0.17 -0.01 0.31 0.27
0.0 34.75053104582354 13.653872677723832 31.971595763716195 -24.324468650112145 0.57 -5.26 8.36 2.31 -6.98 6.55 0.23 0.35 0.14 0.09 0.27 0.27
0.0 35.657329822358506 13.680786347140264 32.968986177605196 -24.905995379379792 0.56 -4.94 8.4 2.33 -6.68 6.67 0.22 0.34 0.15 0.06 0.28 0.28
0.0 36.5605239000686 13.760242242321972 33.9938225774766 -25.548865080739244 0.26 -5.03 8.29 2.27 -6.96 6.65 0.16 0.31 0.15 0.02 0.32 0.26
0.0 37.43261054136405 13.819409621055092 35.04162100298775 -26.176229033452252 0.3 -5.1 8.26 2.08 -7.02 6.77 0.25 0.29 0.15 0.08 0.31 0.22
0.0 38.33164738850063 13.872533050225849 36.097205703262254 -26.79419203517195 0.22 -5.05 8.41 2.01 -7.09 6.85 0.35 0.24 0.13 0.13 0.32 0.19
0.0 39.18614231383676 13.878547241003037 37.13126567624098 -27.33829786060273 -0.02 -4.94 8.54 1.81 -6.7 6.81 0.38 0.22 0.16 0.14 0.29 0.19
0.0 40.07575344831968 13.917939742473633 38.169266664181784 -27.916591661375293 -0.02 -4.57 8.16 1.71 -6.77 6.66 0.26 0.21 0.15 0.1 0.27 0.2
0.0 40.92441406362083 13.966097019398253 39.23293532451699 -28.511403301193884 -0.2 -4.53 7.8 1.49 -6.9 6.64 0.2 0.2 0.13 0.06 0.22 0.2
0.0 41.749197194647934 14.006011098162078 40.24933892611856 -29.067597630357913 -0.1 -4.59 7.92 1.61 -6.71 6.42 0.19 0.17 0.08 -0.01 0.13 0.2
0.0 42.628653133200906 14.02428619451688 41.29995133160176 -29.602444062457003 -0.15 -4.37 8.17 1.57 -6.79 6.67 0.14 0.15 0.07 0.02 0.14 0.16
0.0 43.43365843850861 13.994869506220626 42.37722276792333 -30.07062309747006 -0.52 -4.19 8.06 1.28 -6.58 6.97 0.01 0.12 0.09 0.0 0.14 0.12
0.0 44.32353886643311 14.051360209758231 43.47990836703982 -30.667818496121743 -0.26 -4.46 8.2 1.27 -7.23 6.87 0.13 0.07 0.08 0.05 0.1 0.07
0.0 45.18557347761598 14.034106241740021 44.51674031360319 -31.116857443933128 -0.3 -3.84 8.21 1.16 -6.48 6.68 0.14 0.06 0.05 0.23 -0.03 0.02
0.0 45.92988022251952 14.00775688588529 45.518887386588915 -31.527080946135122 -0.38 -4.22 8.42 1.41 -6.23 6.64 0.02 0.03 0.02 0.04 0.03 0.03
0.0 46.77070609907187 14.028303356846948 46.59309580082901 -32.03395718725589 -0.46 -4.25 8.46 1.27 -6.82 6.79 0.03 0.02 0.01 -0.04 0.1 0.03
0.0 47.58405459021944 14.037159033777705 47.67091086758436 -32.515189517031324 -0.45 -4.09 8.24 1.18 -6.9 6.88 0.06 0.01 -0.03 -0.01 0.05 0.01
0.0 48.35005973327527 14.022178228990928 48.716575862322564 -32.93406922340197 -0.36 -4.36 8.78 1.31 -6.72 6.95 0.03 -0.01 -0.07 0.0 -0.02 -0.0
0.0 49.089930272608946 14.001923858619717 49.7635464358694 -33.33427678357106 -0.33 -4.41 8.87 1.33 -6.69 7.05 0.02 0.02 -0.05 -0.01 0.02 -0.01
0.0 49.817356912624746 13.982757413532534 50.83360603029412 -33.73484402107852 -0.44 -4.36 8.74 1.4 -6.96 7.37 -0.03 -0.03 -0.04 -0.03 0.05 -0.04
0.0 50.50927159188254 13.969475363183987 51.89049018973576 -34.13257978632989 -0.34 -4.67 8.94 1.13 -6.74 7.08 0.12 -0.04 -0.05 0.01 -0.01 -0.01
0.0 51.31971091873951 13.987566966258331 52.918905196934794 -34.57582452355354 -0.16 -4.29 8.97 1.48 -7.13 7.0 0.09 -0.02 -0.04 -0.03 0.04 -0.0
0.0 52.06624704691161 13.970668612869817 53.9962771355536 -34.95744088795527 -0.45 -4.23 9.04 1.03 -6.94 7.17 -0.0 -0.01 -0.02 0.08 0.0 -0.06
0.0 52.64367279635341 13.927610228663802 54.9828140631079 -35.245217840127545 -0.49 -4.47 8.84 1.02 -6.04 6.71 -0.06 0.03 -0.03 -0.01 -0.11 0.0
0.0 53.35544134040279 13.929906723361356 55.924128664326446 -35.60839616813093 -0.02 -4.16 8.83 1.68 -6.52 6.63 -0.2 0.08 -0.02 -0.28 -0.04 0.08
0.0 54.0341624373785 13.924936743016923 56.94035512422565 -35.973343829999344 -0.24 -4.04 8.44 1.55 -6.98 7.09 -0.39 0.12 0.03 -0.3 0.01 -0.02
0.0 54.5907601591859 13.924843674059348 57.98099792213688 -36.35090446048688 -0.65 -5.02 8.63 1.25 -7.13 7.11 -0.33 0.04 -0.01 -0.27 0.02 -0.07
0.0 55.25837065785499 13.951017316690995 59.01628102972832 -36.7845948322911 -0.52 -4.99 8.77 1.18 -7.49 6.93 0.08 0.01 -0.05 -0.1 -0.04 -0.0
0.0 55.92881255327831 13.947263480124649 59.99159423891746 -37.12723247287327 -0.57 -4.21 8.47 1.4 -7.16 6.92 -0.04 -0.02 -0.05 0.03 -0.06 -0.03
0.0 56.48935100214754 13.928811242828848 60.94604144071008 -37.42277489314565 -0.33 -4.44 8.48 1.44 -6.83 6.89 -0.14 -0.07 -0.09 0.08 -0.09 -0.08
0.0 56.9830807720273 13.903735766469847 61.87611832640212 -37.68861645109094 -0.16 -4.86 8.75 1.38 -6.38 6.65 -0.0 -0.05 -0.09 -0.01 -0.09 -0.05
0.0 57.580133019711894 13.89328688256355 62.81239030551011 -37.98841100563415 -0.2 -4.5 8.81 1.56 -6.82 6.88 0.01 -0.02 -0.06 -0.16 -0.01 -0.04
0.0 58.20498462056372 13.89060378941663 63.774230560639964 -38.31179589021223 -0.26 -4.34 8.77 1.41 -7.11 6.95 -0.18 -0.01 -0.04 -0.11 -0.03 -0.09
0.0 58.72111422747618 13.877496213670765 64.70519892130807 -38.595586280520386 -0.39 -4.87 8.97 1.38 -6.86 6.82 -0.22 0.04 -0.06 -0.08 -0.08 -0.05
0.0 59.275318527244806 13.878688278696163 65.63829039780094 -38.917701217648776 -0.39 -4.8 8.72 1.53 -7.41 7.04 -0.16 0.03 -0.07 -0.14 -0.03 -0.04
0.0 59.77727825812447 13.861914476750846 66.53477440704701 -39.17681166491406 -0.26 -4.85 8.89 1.6 -7.09 7.01 -0.13 0.0 -0.08 -0.09 -0.07 -0.06
0.0 60.22493563392037 13.835544673176319 67.41365023794587 -39.39839348765433 -0.18 -4.96 8.91 1.57 -6.73 6.93 -0.17 0.02 -0.07 -0.11 -0.08 -0.02
0.0 60.73036778441796 13.829888558286061 68.30362051078224 -39.683193763930745 -0.41 -4.65 8.27 1.48 -7.02 6.77 -0.21 0.02 -0.03 -0.22 -0.03 -0.03
0.0 61.18192110470544 13.819920636770965 69.18510184594021 -39.951598046199585 -0.33 -4.87 8.17 1.41 -6.98 6.7 -0.23 0.0 -0.04 -0.2 -0.09 -0.06
0.0 61.65813928289373 13.81719173336254 70.01545729960665 -40.233609904507524 -0.26 -4.88 8.21 1.63 -7.02 6.45 -0.2 0.02 -0.06 -0.18 -0.16 -0.06
0.0 62.12513244703292 13.807773894731234 70.83596467660499 -40.49216122397942 -0.46 -4.88 8.34 1.83 -7.31 6.79 -0.3 -0.04 -0.08 -0.18 -0.12 -0.05
0.0 62.484646708589054 13.786782664360919 71.6861423846142 -40.71476211229573 -0.34 -5.73 8.93 1.66 -7.37 7.16 -0.14 -0.09 -0.08 -0.08 -0.06 -0.05
0.0 62.92938488691849 13.77564652330227 72.52219624539165 -40.97006894606847 -0.33 -5.43 8.89 1.58 -7.43 6.95 0.1 -0.11 -0.06 0.0 -0.07 -0.03
0.0 63.42675138871223 13.7667354626953 73.31412028469671 -41.22788498346057 -0.19 -4.81 8.62 1.73 -7.42 6.74 0.09 -0.12 -0.04 0.15 -0.09 -0.04
0.0 63.80447950532779 13.742091028422827 74.06793396514209 -41.41698304684663 0.04 -5.17 8.85 1.81 -6.82 6.57 0.01 -0.11 -0.05 0.12 -0.09 -0.06
0.0 64.19279745904382 13.71691211535475 74.83239877564345 -41.60400275306906 -0.04 -5.19 9.0 1.75 -6.84 6.69 0.02 -0.05 -0.02 -0.03 -0.02 -0.05
0.0 64.64637576124554 13.702304972230793 75.64547345893409 -41.846014597362306 -0.51 -5.13 8.97 1.49 -7.52 6.97 0.01 -0.05 -0.01 -0.1 0.02 -0.01
0.0 65.06364173179458 13.684471798276276 76.41949570924858 -42.070052277568436 -0.17 -5.12 8.86 1.52 -7.43 6.84 0.02 -0.01 -0.02 0.04 -0.06 0.02
0.0 65.44880415868566 13.658576606297276 77.12078240181164 -42.24500733141296 -0.1 -4.77 8.5 1.8 -6.91 6.58 -0.12 0.02 -0.03 0.04 -0.1 0.02
0.0 65.75934798612337 13.63028146093985 77.81343044069895 -42.40601303165008 -0.08 -5.41 8.84 1.92 -7.0 6.81 -0.11 0.01 -0.04 -0.1 -0.0 0.04
0.0 66.11467408004455 13.601150693996225 78.55851006334645 -42.56941455826649 -0.17 -5.28 9.04 1.58 -7.14 7.03 0.09 0.01 0.0 -0.1 0.03 0.05
0.0 66.54042287042503 13.57747255784718 79.27255172778436 -42.75981868222532 -0.22 -4.62 8.6 1.61 -7.3 6.89 0.04 0.04 0.04 -0.0 -0.03 0.04
0.0 66.91283971610102 13.552722696238419 79.94585667796187 -42.94172899989079 -0.15 -4.86 8.63 1.78 -7.36 6.86 -0.11 0.03 0.03 0.11 -0.04 0.01
0.0 67.14447467385888 13.514048672576513 80.61162336494198 -43.03004607945486 -0.24 -5.36 8.75 1.71 -6.57 6.88 0.02 -0.0 0.01 0.06 0.0 0.02
0.0 67.51576287464383 13.488811598708308 81.29742148097309 -43.21268591438254 -0.25 -4.93 8.48 1.52 -6.95 6.57 0.18 0.03 0.01 -0.1 0.01 0.09
0.0 67.95250591299495 13.46768917624192 81.93920281539361 -43.43112603774891 -0.25 -4.45 8.19 1.71 -7.47 6.51 -0.02 0.02 -0.04 -0.07 -0.03 0.1
0.0 68.2419573200051 13.435486345487552 82.5774604746958 -43.565962328251196 -0.15 -4.94 8.33 1.65 -6.98 6.61 -0.1 0.02 -0.06 0.04 -0.07 0.07
0.0 68.48266185214328 13.39797872587937 83.17635112669537 -43.64220304448319 -0.0 -5.01 8.55 1.81 -6.61 6.84 0.0 0.02 -0.04 -0.01 -0.06 0.04
0.0 68.78869480161384 13.364848718055288 83.79232626484021 -43.7584735410104 -0.11 -4.81 8.56 1.69 -6.91 6.93 0.02 -0.01 -0.01 -0.06 -0.01 0.03
0.0 69.10883588280775 13.333644889767603 84.39737388592569 -43.89717274177585 -0.14 -4.82 8.58 1.65 -7.03 6.78 -0.03 -0.02 0.01 -0.04 -0.04 0.02
0.0 69.43581008696177 13.301798501696137 84.9703563919267 -44.030337394827384 0.02 -4.64 8.59 1.76 -7.13 6.79 -0.1 -0.01 0.01 0.04 -0.03 -0.01
0.0 69.69585712891596 13.26795778292277 85.54636906557002 -44.138895947809026 -0.21 -5.04 8.67 1.69 -7.11 6.95 -0.07 -0.02 -0.0 0.05 -0.03 -0.04
0.0 69.95791639831613 13.23311427397155 86.12202911999147 -44.22612084234305 -0.11 -4.88 8.72 1.58 -6.65 6.73 0.05 -0.01 -0.02 -0.04 -0.04 0.0
0.0 70.2754652057763 13.19968179738931 86.64496166367309 -44.336151440990825 -0.04 -4.34 8.36 1.81 -6.89 6.72 -0.1 0.01 -0.02 -0.16 -0.01 0.01
0.0 70.5193008019277 13.165751936795608 87.16843716562036 -44.4434103478989 -0.05 -4.79 8.22 1.79 -7.17 6.95 -0.22 -0.02 -0.03 -0.16 -0.01 -0.06
0.0 70.76381283127353 13.13136201772568 87.72295931374495 -44.55337657502402 -0.15 -5.15 8.7 1.52 -6.85 6.61 -0.07 0.01 -0.05 -0.03 -0.1 -0.04
0.0 71.05047115830997 13.09682339410886 88.19921149339503 -44.66880064135297 -0.36 -4.81 8.52 1.86 -7.14 6.71 -0.11 0.01 -0.05 -0.11 -0.03 -0.0
0.0 71.32441302503507 13.061392034277429 88.70220396667474 -44.78793198975959 -0.24 -4.75 8.34 1.69 -7.48 6.96 -0.14 -0.02 -0.04 -0.05 -0.03 -0.06
0.0 71.47426519878941 13.026230080589459 89.16512237645028 -44.85090400925943 -0.04 -5.31 8.38 1.84 -6.89 6.86 -0.02 -0.07 -0.08 0.02 -0.09 -0.07
0.0 71.73076441165219 12.990248969895706 89.61754693656326 -44.95488075115392 -0.05 -4.87 8.44 1.87 -6.84 6.49 0.05 -0.07 -0.09 -0.03 -0.09 -0.04
0.0 71.99668020744716 12.953505361820943 90.08309779160994 -45.060374484426475 -0.23 -4.65 8.27 1.72 -7.13 6.69 -0.12 -0.09 -0.08 -0.03 -0.05 -0.07
0.0 72.17507908635024 12.916852737710611 90.51324771273354 -45.1492699286238 0.03 -5.12 8.24 1.84 -6.9 6.55 -0.09 -0.11 -0.09 0.01 -0.11 -0.1
0.0 72.37299551408306 12.880726721048106 90.93519397994744 -45.22102025059463 0.0 -4.88 8.21 1.86 -6.53 6.36 -0.01 -0.1 -0.08 -0.05 -0.13 -0.1
0.0 72.62788456747384 12.841901714586736 91.33481624640677 -45.33259611220871 -0.01 -4.62 8.11 1.92 -6.9 6.32 -0.21 -0.06 -0.08 -0.19 -0.12 -0.09
0.0 72.83890116788275 12.801546928913183 91.75090845499861 -45.45132960350972 -0.08 -4.86 7.76 1.75 -7.23 6.47 -0.35 -0.07 -0.09 -0.19 -0.15 -0.12
0.0 72.93437489664106 12.76334577466225 92.04791075652088 -45.530520961008165 0.3 -5.68 8.15 2.36 -7.22 6.67 -0.25 -0.15 -0.14 -0.17 -0.15 -0.14
0.0 73.10292838716629 12.724010331647722 92.43319330764892 -45.61658446079564 -0.11 -5.29 7.95 1.91 -7.23 6.72 0.01 -0.21 -0.14 -0.08 -0.15 -0.16
0.0 73.31809677752328 12.682239094401465 92.80718744401332 -45.72217167247372 -0.04 -4.74 7.5 1.86 -7.04 6.34 -0.05 -0.29 -0.15 -0.04 -0.23 -0.17
0.0 73.48956333354289 12.640313390713294 93.15520562806779 -45.82089597047026 0.33 -4.75 7.28 1.96 -6.63 5.94 -0.12 -0.34 -0.18 0.08 -0.36 -0.2
0.0 73.62363246798019 12.602101733745123 93.47850787130004 -45.88040695254149 0.41 -4.54 6.87 2.09 -6.14 5.83 -0.23 -0.32 -0.15 -0.02 -0.43 -0.23
0.0 73.75551911868232 12.56034534013521 93.69386081560725 -45.969621872415075 0.84 -4.84 7.24 2.67 -6.56 5.91 -0.38 -0.39 -0.18 -0.22 -0.44 -0.28
0.0 73.87242859626492 12.519647196315063 93.9509121949406 -46.04475627762338 0.62 -5.06 7.49 2.5 -6.69 6.14 -0.44 -0.42 -0.17 -0.31 -0.44 -0.32
0.0 73.98794528040595 12.471426162061809 94.16653051750794 -46.1745841679764 0.7 -5.61 7.62 2.63 -7.39 6.21 -0.35 -0.49 -0.2 -0.33 -0.39 -0.31
0.0 74.14130553553144 12.42064823788642 94.32414415631976 -46.31487680905143 1.11 -5.38 7.69 2.93 -7.8 6.28 -0.19 -0.52 -0.25 -0.11 -0.46 -0.36
0.0 74.2482747737416 12.377535897264378 94.48807974962398 -46.39041577026517 1.09 -5.14 7.58 3.0 -7.1 6.17 -0.26 -0.53 -0.3 0.1 -0.54 -0.4
0.0 74.2544883601376 12.338291392842924 94.63699893277031 -46.43657417588799 1.24 -5.88 8.08 3.1 -6.63 6.13 -0.3 -0.57 -0.37 -0.03 -0.52 -0.35
0.0 74.2828616380401 12.295650866892066 94.75004429959893 -46.506828995655994 1.49 -5.94 8.09 3.25 -6.89 6.22 -0.22 -0.56 -0.34 -0.14 -0.48 -0.32
0.0 74.34750425233963 12.25105878553081 94.80612402905433 -46.58975626169634 1.79 -5.6 7.92 3.58 -7.04 6.17 -0.2 -0.56 -0.33 -0.15 -0.52 -0.35
0.0 74.41331784659323 12.205438203426338 94.8427238531333 -46.677015722931664 1.89 -5.62 8.11 3.73 -7.19 6.19 -0.26 -0.56 -0.33 -0.03 -0.54 -0.4
0.0 74.40640782854149 12.16210955650729 94.8814714819107 -46.74577054142561 1.91 -6.15 8.28 3.74 -7.07 6.22 -0.26 -0.54 -0.32 0.03 -0.54 -0.38
0.0 74.38819179316741 12.121791980890206 94.86867113236056 -46.79506992184457 2.36 -6.05 8.33 4.02 -6.94 6.28 -0.17 -0.52 -0.29 0.02 -0.47 -0.33
0.0 74.40614367909777 12.081602618235838 94.82377131257265 -46.844235266394186 2.58 -5.49 7.94 4.25 -6.86 6.23 -0.21 -0.52 -0.26 0.01 -0.46 -0.37
0.0 74.36476317419267 12.040172008166586 94.76803242756536 -46.90127171374389 2.5 -6.17 8.24 4.38 -6.67 5.98 -0.27 -0.52 -0.28 -0.02 -0.46 -0.38
0.0 74.32768276091721 11.9962793529869 94.69503463399363 -46.97434818414224 2.52 -6.33 8.13 4.46 -6.88 5.97 -0.14 -0.49 -0.27 -0.06 -0.41 -0.34
0.0 74.37158567979606 11.94965314382641 94.65188010035146 -47.06164721404449 2.68 -5.46 7.53 4.28 -6.92 5.82 -0.19 -0.46 -0.25 -0.04 -0.44 -0.33
0.0 74.30714724248082 11.908530459300353 94.53601738696013 -47.11452558363726 2.91 -6.03 7.76 4.66 -6.59 5.75 -0.39 -0.45 -0.27 -0.05 -0.47 -0.32
0.0 74.21943136404863 11.865045718849498 94.35119543879185 -47.188275611574404 3.11 -6.54 7.9 5.08 -6.89 5.79 -0.25 -0.41 -0.28 -0.07 -0.4 -0.31
0.0 74.19489442497382 11.820951028610443 94.2394963442381 -47.257867181300284 2.87 -5.92 7.42 4.75 -6.81 5.76 -0.18 -0.41 -0.25 -0.07 -0.37 -0.34
0.0 74.11704336290987 11.776975655863076 94.08542411959023 -47.32921112814131 3.32 -6.25 7.57 4.92 -6.72 5.62 -0.19 -0.42 -0.28 -0.05 -0.39 -0.28
0.0 74.0324487021214 11.734972572876869 93.86722694166211 -47.3915422463602 3.46 -6.19 7.42 5.29 -6.69 5.61 -0.16 -0.4 -0.26 -0.0 -0.39 -0.28
0.0 73.95483303551636 11.692673371489175 93.70876050779162 -47.44781027507866 3.25 -6.01 7.09 5.04 -6.35 5.41 -0.21 -0.41 -0.24 -0.03 -0.39 -0.31
0.0 73.84204914499702 11.649574353437405 93.50582485787284 -47.51528762686392 3.57 -6.34 7.15 5.2 -6.5 5.41 -0.16 -0.41 -0.23 -0.02 -0.36 -0.28
0.0 73.7881270033148 11.603102546310026 93.23779439664591 -47.61869546068708 3.79 -5.99 6.83 5.58 -6.74 5.16 -0.13 -0.4 -0.21 0.06 -0.38 -0.33
0.0 73.72794296002367 11.560709507692408 92.99895643591698 -47.6808074022171 3.48 -5.6 6.54 5.51 -6.33 5.11 -0.26 -0.4 -0.23 0.07 -0.43 -0.36
0.0 73.57050691344014 11.51857877689715 92.71205298172656 -47.74870914357437 3.8 -6.57 6.95 5.73 -6.58 5.27 -0.27 -0.44 -0.28 0.02 -0.38 -0.34
0.0 73.4168350002706 11.478608124044245 92.4845308164983 -47.78306474377359 3.73 -6.2 6.45 5.43 -6.2 5.32 -0.12 -0.45 -0.26 0.08 -0.42 -0.33
0.0 73.2461451539948 11.443246823614666 92.15763563266782 -47.794497546694984 4.21 -5.96 6.44 5.95 -5.71 5.13 -0.19 -0.52 -0.26 -0.04 -0.44 -0.3
0.0 73.09216876174504 11.403802860702866 91.85121964090611 -47.84513610763418 4.17 -6.33 6.77 5.88 -6.14 5.19 -0.16 -0.5 -0.24 0.03 -0.4 -0.3
0.0 72.96812494376286 11.362520265059914 91.559528989015 -47.91307730947139 4.06 -6.02 6.22 5.78 -6.21 5.01 -0.13 -0.5 -0.19 0.04 -0.45 -0.34
0.0 72.82367326153096 11.323593508511593 91.19411496224352 -47.97775853753095 4.53 -6.18 6.59 6.16 -6.24 4.91 -0.14 -0.52 -0.22 0.1 -0.48 -0.33
0.0 72.66239881776217 11.286371560530673 90.85596223378597 -48.007969528078775 4.45 -5.94 6.34 6.08 -5.85 4.89 -0.15 -0.48 -0.2 0.21 -0.51 -0.32
0.0 72.51390105755104 11.251328434450892 90.47551347430485 -48.025896444483124 4.55 -5.33 5.78 6.32 -5.37 4.62 -0.31 -0.5 -0.19 0.02 -0.57 -0.34
0.0 72.30984878409896 11.217441366027261 90.04034876450316 -48.05829517684767 4.88 -6.06 6.24 6.66 -5.54 4.6 -0.44 -0.52 -0.22 -0.03 -0.52 -0.36
0.0 72.07629447391156 11.182216015543757 89.6662239781231 -48.075235563228404 4.61 -6.27 5.9 6.38 -5.37 4.63 -0.37 -0.52 -0.19 -0.06 -0.51 -0.37
0.0 71.90039114526283 11.146259088410735 89.27284187198191 -48.14102339486534 5.0 -5.69 5.05 6.41 -5.69 4.4 -0.26 -0.52 -0.21 -0.22 -0.55 -0.34
0.0 71.70849669961876 11.117914942698155 88.69486987936223 -48.20554261676059 5.75 -5.9 5.66 7.45 -6.21 4.52 -0.41 -0.56 -0.3 -0.01 -0.6 -0.35
0.0 71.45470958554382 11.08632199287101 88.2187017374204 -48.232205869315436 5.28 -6.44 5.77 7.11 -5.93 4.65 -0.36 -0.6 -0.32 0.24 -0.62 -0.43
0.0 71.16743026552541 11.05419938654025 87.75988455707196 -48.24124555627363 5.47 -6.36 5.29 6.96 -5.3 4.37 -0.13 -0.63 -0.34 0.15 -0.59 -0.42
0.0 70.92357488223718 11.027667460721595 87.18924743481045 -48.261226755132185 5.93 -6.08 5.57 7.54 -5.23 4.13 -0.09 -0.64 -0.36 0.11 -0.64 -0.4
0.0 70.68607781839602 10.999852368090297 86.65923678621395 -48.2888833901998 5.88 -6.05 5.54 7.42 -5.26 4.07 -0.21 -0.61 -0.36 0.13 -0.59 -0.43
0.0 70.38083968747844 10.974767375116874 86.06360405883333 -48.28965159930357 6.02 -6.24 5.24 7.78 -5.14 4.12 -0.25 -0.61 -0.37 0.02 -0.57 -0.41
0.0 70.09263328337371 10.951934557835532 85.44724452249433 -48.30190051594565 6.36 -6.37 5.61 7.98 -5.32 4.13 -0.15 -0.65 -0.4 0.04 -0.52 -0.42
0.0 69.79870773816435 10.923395309938025 84.9074114011411 -48.28860838225885 6.13 -6.24 5.53 7.57 -4.89 4.08 -0.08 -0.57 -0.36 0.2 -0.55 -0.42
0.0 69.50785266088106 10.899417487799013 84.32366770900427 -48.29288290526565 6.26 -5.74 4.59 7.7 -4.75 3.77 -0.14 -0.53 -0.34 0.14 -0.6 -0.4
0.0 69.20927787959495 10.886709419721232 83.58558290788523 -48.30318058591723 6.9 -5.85 4.9 8.61 -5.03 3.67 -0.26 -0.6 -0.4 0.06 -0.54 -0.39
0.0 68.86637712020672 10.863367688554282 82.97548219143133 -48.2889891080367 6.71 -6.56 5.47 8.1 -5.0 3.95 -0.08 -0.6 -0.38 0.28 -0.48 -0.44
0.0 68.52189755419802 10.835918454404597 82.36645528946133 -48.2416441492037 6.8 -5.63 4.48 7.95 -4.42 3.85 0.06 -0.55 -0.32 0.34 -0.53 -0.47
0.0 68.17410805106658 10.818520677050927 81.63153267177499 -48.19528784781301 7.28 -5.55 4.65 8.59 -4.23 3.58 -0.12 -0.6 -0.37 0.23 -0.55 -0.43
0.0 67.81357616756587 10.798951881389394 80.9379160514872 -48.15165800717531 7.08 -5.93 4.85 8.48 -4.12 3.48 -0.12 -0.57 -0.36 0.26 -0.49 -0.43
0.0 67.45586926042398 10.781479670813669 80.24192778917268 -48.11455374751282 7.01 -5.72 4.37 8.48 -4.11 3.36 -0.03 -0.56 -0.34 0.15 -0.45 -0.45
0.0 67.09124525965726 10.761522953759787 79.53845648052265 -48.05849037697667 7.33 -5.78 4.79 8.49 -3.91 3.32 -0.02 -0.52 -0.37 0.06 -0.5 -0.38
0.0 66.77642946242582 10.75118291827163 78.82320717140318 -48.036156409720746 7.29 -5.32 4.39 8.56 -4.14 3.12 -0.21 -0.44 -0.34 0.13 -0.49 -0.35
0.0 66.38816575136235 10.74087373808628 78.07121769815916 -47.99383551726951 7.35 -5.58 4.01 8.75 -3.97 3.0 -0.32 -0.42 -0.34 0.06 -0.46 -0.36
0.0 65.97280573978765 10.729488639957454 77.28333615637348 -47.92849481313002 7.45 -5.79 4.11 9.0 -3.84 3.02 -0.22 -0.42 -0.38 0.06 -0.46 -0.34
0.0 65.59908761921076 10.722457849004698 76.52766996677492 -47.886009766739654 7.6 -5.8 4.39 8.95 -4.21 3.12 -0.14 -0.43 -0.39 0.18 -0.41 -0.34
0.0 65.17522373938976 10.698771675925427 75.78982702633417 -47.791708531671446 7.5 -5.73 4.29 8.79 -3.81 3.29 -0.06 -0.39 -0.35 0.38 -0.41 -0.36
0.0 64.75714430153668 10.677136363080862 75.04261137287114 -47.69776535664538 7.54 -5.12 3.61 8.67 -3.31 2.94 -0.04 -0.37 -0.31 0.29 -0.41 -0.35
0.0 64.317101227933 10.671748313638068 74.1642697480012 -47.59885725303331 8.07 -5.14 3.68 9.37 -3.17 2.63 -0.17 -0.38 -0.34 0.18 -0.42 -0.33
0.0 63.86245819577011 10.668723664227077 73.323384974998 -47.51489474014389 8.05 -5.71 3.91 9.34 -3.26 2.52 -0.16 -0.35 -0.33 0.14 -0.34 -0.33
0.0 63.40709979662932 10.650519188649513 72.54167822309397 -47.40946139825789 7.66 -5.54 3.68 9.04 -3.2 2.71 -0.03 -0.33 -0.31 0.02 -0.27 -0.32
0.0 62.983400625896984 10.634478037852539 71.78934511090381 -47.31663917002216 7.89 -4.89 3.28 8.75 -3.15 2.6 -0.02 -0.29 -0.29 -0.07 -0.33 -0.28
0.0 62.57925431913213 10.641875250111612 70.9619956474564 -47.24636675122867 7.75 -4.59 2.9 9.06 -3.23 2.22 -0.37 -0.26 -0.3 0.02 -0.41 -0.26
0.0 62.10953346720155 10.662073132653683 70.11012254781554 -47.18866505759698 8.03 -5.41 2.97 9.33 -3.52 2.1 -0.41 -0.26 -0.32 0.15 -0.39 -0.29
0.0 61.619030764802694 10.659468331610157 69.24862941321032 -47.07367224169919 8.24 -5.2 3.07 9.4 -3.13 2.2 -0.26 -0.26 -0.31 0.27 -0.35 -0.35
0.0 61.06158653940374 10.629931287994612 68.37963176000555 -46.898336897693284 8.03 -5.36 3.1 9.4 -2.55 2.38 -0.14 -0.29 -0.31 0.3 -0.38 -0.37
0.0 60.54773676592978 10.613686071116991 67.55154999227439 -46.75941613462629 8.04 -4.98 2.77 9.12 -2.49 2.17 0.02 -0.33 -0.3 0.14 -0.34 -0.33
0.0 60.07318250044587 10.622696447378994 66.66741229303467 -46.64127616371113 8.27 -4.37 2.46 9.37 -2.58 1.84 -0.07 -0.32 -0.3 0.06 -0.39 -0.27
0.0 59.57574719527078 10.654181015187147 65.75608512558819 -46.54530391279865 8.58 -4.97 2.77 9.69 -2.96 1.68 -0.32 -0.32 -0.36 0.12 -0.38 -0.25
0.0 59.00213124242846 10.646951324840451 64.88626232266742 -46.393000292148535 8.29 -5.53 2.94 9.48 -2.63 1.9 -0.14 -0.31 -0.32 0.24 -0.36 -0.27
0.0 58.43969451293128 10.61716159039844 64.01596427490519 -46.19975448066559 8.4 -4.94 2.9 9.38 -2.23 2.04 0.13 -0.3 -0.27 0.2 -0.35 -0.29
0.0 57.894776938967205 10.598665457133366 63.11163333511695 -46.00709825690566 8.43 -4.05 2.31 9.5 -2.06 1.89 -0.04 -0.26 -0.21 0.13 -0.37 -0.3
0.0 57.325337667703444 10.61880482966236 62.14170653457247 -45.84140254918211 8.55 -4.41 2.26 9.96 -2.25 1.55 -0.33 -0.3 -0.21 0.09 -0.36 -0.3
0.0 56.735190995896474 10.645576767122082 61.216246436006465 -45.693991542711 9.06 -5.1 2.63 9.78 -2.31 1.33 -0.34 -0.28 -0.18 0.09 -0.31 -0.3
0.0 56.14171043361911 10.640421196147846 60.304936795741554 -45.50069800284562 8.51 -4.87 2.57 9.73 -2.17 1.56 -0.19 -0.25 -0.16 0.17 -0.31 -0.3
0.0 55.51183807529528 10.621559398841903 59.39803381630034 -45.28490078897211 8.44 -4.72 2.33 9.65 -1.97 1.64 -0.06 -0.27 -0.14 0.11 -0.27 -0.29
0.0 54.90998289444022 10.615991985395222 58.46104225590213 -45.0686394617399 8.72 -4.3 2.34 9.88 -2.03 1.61 -0.08 -0.27 -0.14 0.07 -0.25 -0.27
0.0 54.29205908670854 10.628596625225658 57.52417632219651 -44.86809577353157 8.76 -4.57 2.39 9.84 -1.99 1.34 -0.18 -0.25 -0.14 0.13 -0.23 -0.26
0.0 53.642060517387634 10.620295261469622 56.633143535227504 -44.65327486556838 8.49 -4.77 2.31 9.56 -1.89 1.4 -0.13 -0.25 -0.15 0.07 -0.2 -0.25
0.0 53.005706776494236 10.625755069810007 55.73484042471329 -44.44509541426738 8.56 -4.56 2.18 9.52 -1.89 1.26 0.02 -0.22 -0.15 0.05 -0.21 -0.21
0.0 52.33916556905421 10.632470794341636 54.79915254429064 -44.215574795378025 8.73 -4.17 1.81 9.7 -1.76 1.15 -0.04 -0.17 -0.17 0.09 -0.24 -0.19
0.0 51.67331557682121 10.663361618567032 53.853511365864556 -44.00042538110122 8.89 -4.0 1.59 9.78 -1.78 0.9 -0.28 -0.11 -0.19 0.08 -0.27 -0.19
0.0 50.98263891520779 10.681150999338772 52.93084867874998 -43.77171165969994 8.8 -4.35 1.79 9.7 -1.74 0.92 -0.4 -0.1 -0.21 0.11 -0.3 -0.19
0.0 50.22826560600161 10.660604525499542 51.99748534199382 -43.489642181528346 8.72 -4.59 1.9 9.77 -1.48 1.12 -0.29 -0.12 -0.21 0.13 -0.28 -0.18
0.0 49.470864863080415 10.649664338435956 51.05790141303024 -43.20682594235078 8.8 -4.54 1.87 9.85 -1.44 1.09 -0.11 -0.14 -0.19 0.15 -0.22 -0.17
0.0 48.713228205623096 10.648345892969754 50.11144027122184 -42.92201618113756 8.82 -4.35 1.76 9.9 -1.39 0.98 0.01 -0.16 -0.2 0.1 -0.21 -0.15
0.0 47.96226760522503 10.67530270294616 49.16770942901053 -42.656632614697926 8.96 -4.26 1.66 9.97 -1.54 0.81 0.05 -0.18 -0.23 0.06 -0.2 -0.13
0.0 47.20349530387334 10.690766305483592 48.22105941714588 -42.36869996866506 9.08 -3.85 1.5 9.76 -1.22 0.6 0.03 -0.15 -0.21 0.1 -0.2 -0.12
0.0 46.432997251547036 10.71391863667552 47.28502388456646 -42.082565611061135 8.91 -3.73 1.33 9.77 -1.28 0.56 -0.17 -0.13 -0.21 0.06 -0.25 -0.15
0.0 45.610218932293215 10.744208724912367 46.36842157341323 -41.80159738670098 8.78 -4.3 1.35 9.84 -1.49 0.62 -0.12 -0.15 -0.23 0.05 -0.24 -0.14
0.0 44.780612976295096 10.742429676312298 45.48083444524051 -41.49594959096924 8.82 -4.28 1.43 9.67 -1.42 0.78 0.08 -0.19 -0.24 0.15 -0.2 -0.13
0.0 43.96347835922386 10.747314182038313 44.57349467193725 -41.176500545920895 8.8 -3.92 1.39 9.73 -1.33 0.72 0.21 -0.22 -0.22 0.18 -0.19 -0.16
0.0 43.12866008975261 10.76595187915768 43.64939224267838 -40.84949525409848 8.85 -3.61 1.19 9.9 -1.32 0.63 0.18 -0.26 -0.2 0.2 -0.18 -0.19
0.0 42.230885246688615 10.811415773881176 42.69659391682878 -40.517800599786945 9.21 -3.98 1.19 10.04 -1.22 0.36 0.24 -0.3 -0.23 0.26 -0.15 -0.17
0.0 41.32621604641149 10.843937363287534 41.71790665313387 -40.14827098195832 9.47 -3.62 1.16 9.96 -0.79 0.11 0.31 -0.24 -0.23 0.27 -0.16 -0.15
0.0 40.390452899715115 10.849147928096261 40.7405522911465 -39.74386572235215 9.4 -3.27 0.99 10.15 -0.68 0.23 0.09 -0.2 -0.22 0.17 -0.23 -0.17
0.0 39.472736756277946 10.857183095334474 39.838776426498704 -39.37011181609871 9.24 -3.57 1.18 9.91 -0.93 0.39 -0.05 -0.2 -0.23 0.1 -0.22 -0.17
0.0 38.51451125239857 10.83913618360452 38.93009622351247 -38.96050111260868 9.03 -3.81 1.34 9.91 -0.83 0.5 0.0 -0.2 -0.2 0.08 -0.19 -0.16
0.0 37.57820182285997 10.853576915823867 38.01967340950405 -38.561388207731426 9.16 -3.62 1.36 9.86 -0.84 0.34 0.05 -0.2 -0.16 0.06 -0.16 -0.18
0.0 36.69398688345551 10.897791038627906 37.1243680627056 -38.17896195090416 9.13 -3.37 1.49 9.9 -1.03 0.25 -0.03 -0.17 -0.13 0.03 -0.14 -0.19
0.0 35.75865146342686 10.95317337146056 36.218153382752014 -37.783110723414744 9.3 -3.67 1.62 9.94 -1.0 0.11 -0.34 -0.1 -0.11 0.06 -0.11 -0.13
0.0 34.71573752953553 10.963997518135443 35.28814914539586 -37.32626309977372 9.53 -3.91 1.57 10.21 -0.8 0.21 -0.37 -0.02 -0.11 0.01 -0.07 -0.05
0.0 33.65229998697867 10.977777790339337 34.38459996161593 -36.87274732753515 9.55 -3.96 1.44 10.26 -0.87 0.28 -0.32 0.03 -0.11 -0.1 -0.05 -0.02
0.0 32.574036342149846 11.017328334162196 33.507430019596974 -36.43792976973076 9.39 -4.14 1.32 10.18 -1.01 0.24 -0.18 0.06 -0.11 -0.11 -0.02 0.01
0.0 31.481631698590135 11.032014942722716 32.6334990982579 -35.973612537388775 9.29 -3.7 1.09 9.97 -0.83 0.22 0.05 0.11 -0.08 -0.04 -0.01 0.01
0.0 30.344087327789836 11.055722228556025 31.732674444366282 -35.48081964491426 9.17 -3.4 0.84 10.01 -0.63 0.07 0.09 0.13 -0.04 -0.03 -0.02 -0.0
0.0 29.218312810445425 11.075131141405823 30.874826138312677 -34.99837763084006 9.24 -3.18 0.77 9.79 -0.68 0.11 0.02 0.09 -0.03 -0.03 -0.0 -0.01
0.0 28.061811539355446 11.106655971370277 30.010891652748832 -34.50243908021098 9.12 -3.42 0.87 9.86 -0.68 0.06 -0.02 0.05 -0.01 -0.03 0.0 0.0
0.0 26.861593737692992 11.130065453968703 29.132964771835226 -33.97408663501784 9.32 -3.28 0.81 9.95 -0.55 0.01 -0.01 0.04 0.0 -0.05 0.01 0.01
0.0 25.680650006699935 11.153390305383477 28.28102980520955 -33.4471082816308 9.26 -3.06 0.82 9.8 -0.55 0.01 -0.1 0.03 0.02 -0.08 -0.02 -0.01
0.0 24.466516015785174 11.177512202721612 27.451812764188197 -32.92033173938472 9.17 -3.15 0.78 9.87 -0.69 0.1 -0.14 0.01 0.02 -0.11 -0.02 -0.03
0.0 23.263468160360084 11.211072978265024 26.652008869590453 -32.404351041085064 9.29 -3.34 0.95 9.8 -0.85 0.16 -0.12 0.0 0.0 -0.08 -0.02 -0.03
0.0 22.046037502720473 11.22199243439295 25.844178073606194 -31.85275511952129 9.16 -3.2 1.02 9.85 -0.77 0.2 -0.11 -0.01 -0.01 -0.03 -0.05 -0.02
0.0 20.81949960542864 11.267004287369325 25.04338577232403 -31.306744938316193 9.04 -3.09 0.97 9.83 -0.81 0.11 -0.16 -0.03 -0.03 -0.07 -0.03 -0.07
0.0 19.555326691278385 11.362989792469431 24.257073175445214 -30.779462838212535 9.23 -3.59 1.06 9.91 -0.99 0.01 -0.1 -0.05 -0.04 -0.12 0.02 -0.09
0.0 18.28438638310884 11.473622441559037 23.483704215161225 -30.250382095430183 9.26 -3.52 1.01 9.66 -0.98 -0.1 0.06 -0.01 -0.09 -0.04 -0.0 -0.09
0.0 16.91764746991499 11.535184500310473 22.677504193451156 -29.648565926722846 9.09 -3.38 0.85 9.77 -0.68 -0.12 0.06 0.03 -0.11 0.04 -0.04 -0.07
0.0 15.565022140315467 11.610686502287662 21.898960630164297 -29.057193658837267 9.29 -3.19 0.84 10.03 -0.84 -0.02 -0.01 0.05 -0.12 0.01 -0.03 -0.08
0.0 14.12878165261887 11.674763585694551 21.110612416541414 -28.43068709641652 9.53 -3.61 0.92 10.12 -0.72 -0.03 -0.05 0.05 -0.15 -0.01 -0.03 -0.04
0.0 12.674413123833563 11.66040786960868 20.321799714196274 -27.749168825966297 9.57 -3.34 0.98 10.02 -0.45 0.09 -0.06 0.07 -0.15 -0.02 -0.05 -0.01
0.0 11.255743819741411 11.681336291775345 19.58629927204342 -27.114638062461623 9.22 -3.45 1.02 10.04 -0.74 0.23 -0.16 0.06 -0.1 -0.11 -0.06 -0.03
0.0 9.8710337043596 11.770094487726082 18.86845278900317 -26.505562934248484 9.27 -3.5 1.15 10.04 -0.96 0.17 -0.16 0.03 -0.1 -0.09 -0.04 -0.04
0.0 8.448837635117076 11.827806971258516 18.15085762745086 -25.864433347285956 9.19 -3.9 1.35 9.9 -0.88 0.18 -0.06 0.03 -0.07 0.02 -0.03 -0.02
0.0 6.982689554925656 11.864346117405473 17.423457370196815 -25.18498740394533 9.13 -3.61 1.27 9.86 -0.72 0.16 0.07 0.02 -0.05 0.04 -0.02 -0.03
0.0 5.481384998200522 11.92088047044117 16.702109838273998 -24.498558941337006 9.04 -3.17 1.05 9.82 -0.68 0.11 0.06 0.01 -0.01 0.02 0.01 -0.05
0.0 3.944947697175504 12.102668668886722 15.95925093822963 -23.809111252431162 9.3 -3.47 1.11 10.0 -0.67 -0.21 0.07 -0.01 0.0 0.02 0.07 -0.02
0.0 2.351416210888239 12.248421170801775 15.242283963983411 -23.11104199186567 9.37 -3.27 0.9 9.8 -0.65 -0.18 0.12 0.03 0.01 0.06 0.07 -0.0
